98307
98312
98313
98314
98315
98316
98317
98320
98323
98326
98328
98330
98335
98336
98349
98350
98352
98353
98356
98357
98359
98363
98364
98365
98366
98368
98372
98378
98383
98386
98390
98391
98392
98398
98404
98405
98409
98413
98415
98418
98423
98427
98429
98432
98441
98448
98451
98455
98457
98459
98463
98470
98471
98477
98478
98484
98486
98489
98491
98496
98499
98501
98504
98505
98506
98507
98508
98509
98515
98516
98517
98519
98525
98528
98532
98533
98535
98537
98540
98543
98544
98545
98551
98559
98560
98562
98563
98564
98566
98573
98576
98578
98580
98581
98582
98583
98586
98588
98593
98594
98597
98598
98602
98603
98606
98610
98613
98618
98621
98624
98631
98636
98639
98642
98647
98650
98651
98653
98657
98663
98665
98669
98671
98672
98674
98677
98678
98688
98689
98690
98694
98706
98715
98717
98720
98722
98730
98731
98733
98735
98739
98740
98743
98745
98747
98748
98752
98753
82375
98760
98764
98766
98767
98768
98769
98776
115163
98780
98781
98782
98783
98787
98788
98790
98791
98794
98796
98798
98799
98800
98801
98803
98804
98806
98808
98810
98811
98812
98814
98815
98816
98817
98818
98819
98824
98827
98831
98832
98834
98836
98840
98847
98850
98853
98854
98857
98858
98859
98862
98866
98872
98873
98874
98875
98879
98888
98891
98892
98893
98897
98899
98901
98903
98908
98913
98915
98917
98918
98919
98923
98927
98930
98932
98934
98937
98938
95679
98940
98942
98945
98947
98951
98952
98953
98955
98956
98961
98962
87491
98965
98966
98970
98973
98974
98975
98976
98978
98984
98994
98995
98996
98999
99000
99002
99006
99009
99011
99013
99019
115404
99021
99026
99030
99037
99042
99043
99045
99046
99048
99050
99051
99052
99053
99054
99055
99058
99059
99062
99068
99073
99074
99075
99076
99077
99083
99084
99085
99086
99088
99092
99094
99095
106628
99098
99100
99108
99109
92978
99120
99122
99125
99126
99128
99133
99136
99140
99144
99145
99149
99150
99154
99155
99159
99162
99168
99169
99170
99171
99173
99174
99177
99185
99187
99190
99193
99197
99202
99206
99208
99214
99216
99229
99230
82847
99232
99234
99235
99238
99242
99245
99246
99253
99257
99264
99266
99269
99270
99271
99275
99279
99284
99289
99290
99291
99296
99299
99300
99302
99303
99304
99305
99306
99311
99313
99319
99327
99328
99331
99332
99335
99337
99338
99339
99340
99342
99344
99347
99352
99359
99361
99362
99363
99365
99378
99389
99391
99398
99402
99403
99404
99407
99408
99415
99417
99425
99427
99430
99431
99438
99439
99440
99449
99450
99456
99458
99459
99461
99462
99463
99464
99465
99472
99473
99476
99478
99480
99481
99482
99483
99484
99485
99491
99493
99495
99496
99497
99499
99500
99508
99510
99511
99515
99516
99518
99519
99521
99522
99525
99526
99528
99529
99530
99531
99533
99537
99540
99541
99546
99547
99548
99549
99551
99553
99554
99556
99558
99559
99562
99563
99566
99570
99571
99578
99581
99583
99585
99589
99590
99591
99592
99593
99596
99598
99599
99604
99606
99609
99610
99611
99616
99618
99622
99625
99633
99635
99637
99643
99646
99650
99652
99655
99660
99661
99665
99666
99667
99668
99669
99670
99674
99676
99678
99680
99684
99689
99690
99693
99694
99699
99701
99702
99703
99704
99705
99706
99709
99711
99713
99714
99715
99716
99720
99721
99722
99724
95810
99726
116111
99728
99729
99731
99734
99736
99738
99739
99741
99747
99759
99763
99764
99766
99767
99772
99774
99777
99780
99783
99784
99786
99787
99788
99791
99792
99793
99800
99802
99803
99812
99816
99817
99818
99820
99821
99823
99825
99834
99835
99837
99840
99841
99842
93099
99846
99847
99849
99850
99851
99856
99857
99858
99860
99861
99862
99864
99870
99871
99876
99877
99879
99884
99888
99891
99892
99902
99906
99907
99908
99915
99917
99921
99922
99924
83545
99931
99933
99935
99936
99938
116324
99941
99945
99946
99947
99949
99950
99953
99954
99955
99956
99957
99960
99961
99963
99965
99966
99969
99971
99974
99975
99977
99978
99981
99982
99987
99988
99990
116383
100000
100002
100004
100006
100007
100009
100010
100012
100013
100016
106782
100022
100024
100025
100028
98259
100036
100037
100045
100047
100051
100053
100055
100058
100061
100067
100068
100071
100072
100073
100075
100079
100080
100082
100083
100085
100086
100087
100089
100093
100099
100100
100104
100105
100107
100108
100115
100122
100126
100127
100128
100129
100134
100137
100138
100141
100142
100143
100149
100153
100157
100158
100160
100161
100164
100165
100166
100167
100168
100170
100172
100177
100178
110812
100181
100182
100183
100190
100191
100197
100198
100200
100201
100208
100214
100215
100221
100226
100230
100236
100238
100241
100245
100248
100251
100253
100255
100258
100260
100263
100264
100266
100267
100269
100271
100278
100279
100281
100286
100288
100291
100294
100297
100300
100301
100303
100304
100306
100308
100309
100312
100314
100315
100319
100321
100323
100325
100327
100330
100333
100339
100341
100343
100345
100349
100352
100355
100356
100363
100374
100375
83992
100381
100383
100387
100390
116775
100394
100400
100404
100405
100406
100408
100413
106848
100421
100423
100424
100425
100427
100428
100431
100432
100434
100436
100438
100445
100446
100460
100461
100464
100465
100470
100473
100476
100479
100481
100490
100491
100494
84112
100498
100502
100503
100504
100505
100506
100510
100512
106864
100516
100517
100518
100519
100522
100528
100529
100530
100531
100533
100539
100540
100542
100543
100552
100553
100554
100555
100556
100561
100564
100567
100569
100574
100577
100578
100579
100582
100583
100587
100590
100592
100593
100599
100601
100603
100610
100611
100612
100613
100615
100617
100619
100622
100623
100624
100626
100628
100629
100633
100635
100637
100641
100642
100648
100649
100651
100652
100655
100657
100658
100659
100660
100661
100663
100664
100666
100667
100668
100676
100677
100681
100685
100686
100687
100689
100691
100696
100701
100705
100706
100708
100709
100710
100711
100713
100714
100715
100716
100717
100718
100720
100722
100724
100725
100727
100730
100734
100737
100738
100739
100741
100743
100747
100748
100755
100757
100758
100759
100762
100763
100766
100767
100769
100770
100772
100774
100775
100776
100779
100783
100784
100786
100788
100789
100790
100791
100792
100793
100794
100800
100804
100807
100808
100811
100815
100816
100818
100819
100820
100822
100825
100826
100831
100843
100844
100847
100848
100851
100852
100855
100856
100857
100858
100862
100865
100866
100874
100878
100879
100880
100885
100886
100887
100888
100889
100892
100893
100895
100897
100899
100903
100906
100913
100914
100920
100921
100923
100924
100925
100928
100930
100932
114656
100942
100943
100945
100949
100950
100952
100955
100956
100957
100958
100959
100961
100962
100963
100966
100968
100970
100979
100980
100982
100983
100990
100991
100993
100996
100997
100998
100999
101001
101019
101020
101022
101023
101028
101029
101032
101034
101038
101045
101053
101054
101055
101056
101057
101066
101075
101076
101079
101082
101090
101091
101092
101093
101094
101097
101100
101101
101103
101104
101107
101115
101116
101118
101119
101120
101122
101123
101124
101125
101128
101129
101131
101132
101136
101137
101142
101144
101147
101150
101151
101157
101159
101166
94401
101169
101170
101172
101177
101178
101179
101184
101187
101189
101190
101191
84808
101196
101198
101201
101202
101206
101210
101213
101220
101222
101224
101230
101234
101238
101239
101241
101247
101249
101257
101258
101262
101266
101267
101268
101269
101273
101274
101276
101280
101281
101282
101289
101290
101292
101293
101294
101295
101302
101312
101318
101319
101320
101321
101324
101325
101327
90616
101330
101332
101333
101338
101343
101349
101350
101352
101353
101354
101355
101356
101358
101364
101365
101367
101368
101371
101372
101374
101375
101377
101380
101382
101390
101392
101396
101401
101407
101412
101414
101421
101424
90632
101426
101430
101434
101436
101437
85059
101445
101446
101449
101451
101452
101454
101459
101460
101468
101470
101471
101472
101480
101486
101488
101493
101497
101499
101500
101504
101510
101513
101516
90648
101522
101527
101528
101530
101532
101536
101540
101551
101552
101554
101556
101559
101562
109770
101568
101569
101571
101577
101581
101586
101587
101589
101592
90660
101596
101599
101601
101608
101609
101615
101617
101623
101624
101626
101629
101630
101631
101632
101633
101634
101635
101637
101638
101641
101643
101644
101648
101655
101656
101657
101660
101661
101672
101673
101674
101676
101677
101682
101686
101688
101689
101694
101697
101699
101704
101708
101709
101713
101714
101718
101719
101721
101724
101728
101731
101732
101733
101737
101738
101740
101746
101748
101750
101755
85373
101758
101759
101760
101761
101765
101767
101772
101773
101774
101779
101780
101787
101792
101793
87963
101797
101799
101806
101808
101809
101811
101814
101816
101819
101821
101822
101823
101824
101831
101832
101834
101838
101842
101843
85465
101853
101857
101858
101864
101865
101873
101878
101880
85499
101885
101886
101891
101893
101895
101896
101899
101902
101905
101906
101909
101911
101913
101914
101917
101918
101920
101922
101923
101927
101930
101934
101935
101936
101940
101947
101950
101954
101961
101962
101965
101969
101976
101977
101979
101980
101983
101986
101988
101989
101992
101993
101994
101995
101996
101998
90728
102004
102006
102009
102011
102016
102017
102020
102021
102026
102027
102035
102037
102039
102040
102043
102044
102047
102048
102049
102051
102052
102056
102060
102062
102066
102068
102070
102076
102082
102083
102085
102087
102088
102097
102099
102104
102105
102106
102110
102116
109862
102122
102124
102126
102127
102128
102136
102138
102140
102141
102143
102145
102149
102154
102156
102159
102166
90807
102173
102174
102182
102183
102185
102188
102189
102190
102192
102196
102197
102199
102200
102202
102214
102216
102222
102223
109880
102232
102233
102234
102235
102240
102242
102245
102246
93500
102250
102257
102263
102266
102270
102274
102275
102281
102283
102288
102289
102292
102297
102298
102303
102305
102306
102307
102308
102310
102311
102312
102316
102322
102323
102325
109897
102328
102330
102333
102335
102341
102354
102356
102358
102360
102363
102366
102370
102380
102384
102387
102389
102390
102395
102401
102404
86027
102416
102417
102418
102419
102421
102423
102426
102427
102429
102434
102436
102439
102443
102444
102449
86068
102455
102457
102460
102463
102464
102474
102475
102480
102481
102484
102494
102498
102499
102503
102504
102505
102506
102507
102510
102513
102517
102518
102519
102522
102523
102525
102527
102528
102532
102538
102542
102547
102551
102561
102562
102563
102573
102575
102577
102579
102584
102586
102588
102589
102590
102596
86217
102602
102607
102608
102609
102610
102615
102616
102618
102620
102625
102628
102631
102632
102634
102636
102637
102641
102642
102643
102651
102653
86271
102659
102660
102666
102667
102672
102676
102679
102681
102683
102685
102687
102690
86308
102694
102700
102703
102708
86326
102712
102716
102717
102721
102722
102727
102732
102739
102742
102747
102748
102751
102756
102757
102759
102760
102766
102767
102769
102771
102777
102779
102782
102783
102788
102789
102792
102793
86410
102796
102797
102802
102805
102809
102810
102814
102816
102821
102823
102826
102827
102828
102829
102831
102834
102836
102842
102845
102847
102849
102856
102858
102866
102874
96335
102876
102878
102886
102888
102893
102894
102895
102896
102898
102899
102902
102908
102915
102918
102928
102936
102952
102956
102958
102959
102961
86587
102980
102982
102983
102984
102999
103001
103003
103005
103007
103008
103012
103013
103017
86635
103021
103022
103024
103026
103027
103030
103032
103034
103038
103044
103046
86673
103058
103060
86678
103066
103069
103072
103073
103077
103080
103085
103086
103093
103096
103098
103100
103103
103105
103107
103111
103112
103114
103115
103124
103126
86746
103133
103134
103138
103144
103150
103151
103153
103157
103163
103164
103165
103177
103183
103185
103186
103191
103199
103201
103204
103205
103209
103212
103222
103223
103228
103230
103233
103235
88000
103239
103240
103246
103247
103249
110051
86868
103257
103260
103261
103265
103267
103271
103274
103277
103278
103283
103285
103286
103287
103290
103291
103292
103293
103298
103300
103308
103310
103314
103317
103322
103324
103326
103328
103329
103330
103332
103335
103338
103339
103341
103345
110067
103352
103355
103356
103359
103360
103363
103368
103370
103371
103373
103374
103375
103377
103380
103383
103389
103393
103394
103396
103398
103403
103406
103411
103421
103424
103430
103431
103432
103435
103437
87057
103445
103447
103451
103454
103455
103460
87080
103465
93703
103470
103472
103474
103478
103479
103482
103483
103485
103493
103501
103503
103504
103512
103515
103517
103518
103523
103531
103532
103536
103537
103541
107369
103545
103546
103547
103548
103550
103554
103556
103560
103561
103564
103567
103570
103572
103574
103575
103580
103582
103583
103586
103587
103589
103591
103593
103596
103599
103602
103615
103619
103622
103625
103628
103631
103633
103634
103638
103646
103648
103658
103660
103662
103663
103665
103666
103671
103674
103677
103679
103682
103683
103686
103689
87307
103693
103698
103699
103700
87321
103709
87327
103717
103720
103721
103722
103724
103729
103730
103731
103732
103735
103741
103743
103746
103747
103750
103760
93752
103764
103765
103766
103768
103771
103773
103775
103777
103780
103784
103786
103790
103797
103798
103800
103801
103806
103809
103810
103811
103813
103816
103818
103820
103821
103824
87443
103828
103829
107417
103834
103838
103842
103847
103851
103852
103857
103861
103863
103864
87483
103869
103875
103879
103881
103883
103886
103888
103894
103896
103902
103907
103909
103913
103914
103916
103921
103922
103924
103925
103927
103928
103929
103931
103932
103937
103940
103941
103944
103947
103953
103957
110169
103963
103966
103967
103974
103977
103979
103984
103985
103998
104009
104010
104012
104016
104017
104018
104020
104022
104035
104036
104039
104040
104044
104046
104056
104057
104065
104070
87688
104074
104076
104080
104081
104082
104083
104084
104089
104090
104098
104110
104111
104112
104113
104114
104123
104126
104129
104133
104141
96547
104149
104152
104154
104158
104159
85627
104164
104166
104169
88359
104173
104177
104179
104185
104186
104188
104189
104201
104215
104216
104217
104218
104221
104225
104232
104234
104235
104244
104248
104251
112949
104258
104259
104261
104263
104267
104268
104274
104275
104282
104283
104287
104296
104299
104306
104307
104308
104312
87930
104317
104318
110229
104320
104332
104341
104347
104350
104351
104354
104357
104358
104365
93853
104370
104374
104376
104380
104384
104385
104386
104391
104392
104393
104394
104397
104404
104406
107513
104413
104419
104421
104424
104425
104429
104430
104433
104444
104446
104448
88065
104451
104453
104454
104458
104463
104467
88090
104475
104479
88097
104484
104487
104494
104496
104500
104503
104518
88137
88141
104535
104538
104547
104554
104559
104566
104570
104571
88189
104575
104582
104584
104589
104592
104593
104597
104607
104608
104613
104616
104617
104622
104631
104632
104635
104638
88437
104644
104645
104656
104666
104669
104674
104680
104688
104696
104697
104699
104700
104702
104704
104705
104710
104715
104718
104721
104723
104730
104731
104738
88355
104740
104743
104744
104749
104752
104753
104756
104757
104766
104772
104775
104776
104783
104786
104798
104800
104805
104807
104809
104810
104811
104817
104820
104821
104828
104829
104838
88466
104852
104853
104857
104858
104859
104860
104861
104866
88483
104871
104872
88489
104876
88494
88477
88497
104884
104886
104887
88504
104890
104906
104909
104911
104912
104915
104920
88539
88540
104925
104927
88545
104930
104931
104942
104946
104873
88571
104959
104963
104967
104971
104973
104975
104979
104981
104982
104879
104988
104992
104995
104997
105009
105017
105018
105021
105025
105028
105039
105041
105042
105046
105047
88678
105067
105069
105070
88690
105078
105080
105082
113087
105085
88702
105092
88711
105098
105099
107629
88724
105110
105111
105112
105113
105115
105116
105120
88739
105132
105140
105142
87518
88765
105151
105156
88779
105164
105172
105173
105176
105182
105184
105185
105191
105192
88809
105194
105201
105202
105209
105210
88827
105212
88834
105226
105229
105231
105232
88854
105243
105246
105250
104923
105258
105265
105271
88891
105282
105283
104929
105297
105298
105299
105305
105306
105307
105310
105322
105323
105331
105332
105336
105337
105341
105343
105344
105348
105354
105359
105366
105375
88995
105380
105381
107677
105392
89025
105410
105422
105423
105425
105434
105438
105440
104955
105446
105447
105448
105449
105457
105459
105460
105467
105475
105478
105482
105492
105494
105496
105501
89120
107696
105506
105512
105526
105531
105533
105534
105536
89155
105540
105542
105545
105547
105552
105562
105563
105565
105574
105579
105581
105588
105599
105610
105613
105614
105615
105616
105623
105625
105627
105629
105630
105631
85873
105640
105642
105643
105646
105649
105653
105656
89278
105666
105667
105668
105670
105677
105685
89303
105688
105695
105705
105706
105712
89330
105722
89339
105730
105731
105734
89352
105742
105745
105746
105747
105748
105750
105752
105753
105754
110469
89381
105771
105774
105775
105779
105780
105784
105791
105793
105796
105802
89420
105807
105814
105816
105825
105833
89450
105839
94099
105845
105847
105850
105853
89471
89472
105857
105858
105862
105863
105864
105873
105879
105883
105891
89516
105907
105910
105922
105925
105935
105941
105942
89559
105947
105948
105954
105958
105960
105962
105971
89588
105977
105981
89606
105991
105992
89613
89619
89620
106007
106013
106017
106019
89642
89643
106033
106034
106037
106039
106046
106048
106050
106051
89669
106056
84275
106058
89689
89691
106082
106083
106084
89701
106095
106102
106106
106109
89727
106119
106123
89740
106127
106129
106131
106132
106135
106136
89771
106161
106163
106165
106166
106167
106169
106172
89792
106182
106185
106193
89814
89818
106203
106204
106213
106215
106227
106228
89850
106239
89861
106252
89869
89873
106258
106260
106261
89879
106265
106271
89888
106279
106286
106290
106291
106295
106300
106314
106319
106321
106325
89946
89948
89955
106345
106346
106348
106356
106358
106366
106371
106372
106378
106381
106395
106401
90019
90023
106408
106420
106422
106426
90046
106431
106434
106440
90060
106447
106452
106461
106465
106467
106468
106478
106480
106483
90107
90111
90123
90127
106514
106515
106532
106536
106543
106547
106550
106560
106579
106580
106582
106587
106593
106594
106595
106599
106601
106607
106608
106612
106613
90231
90244
106632
106649
106650
106652
106654
106655
106657
90276
106663
106669
106670
90288
90292
90298
106685
106689
106696
90316
106701
90318
106703
106709
106711
106713
106714
106718
106720
106721
106723
106726
106728
106734
106737
106745
90365
106751
106755
106764
106767
106769
106771
106776
90394
90395
90398
106786
106790
106792
106797
106812
106813
106822
90439
106828
106835
106836
106841
106847
90464
106851
106853
106859
90480
90481
106870
106876
106884
106894
90514
106899
106904
106917
106923
106925
106928
106937
90558
106950
90573
90577
106963
106973
106975
105211
90601
90602
107000
107013
107016
107031
107032
90653
90655
107044
90661
107049
107051
90669
94301
107083
90702
107090
107093
107100
107109
107112
107118
107128
90750
107137
107141
90767
90776
90779
90782
107172
107173
107177
90795
90796
90797
107182
107185
88862
107191
90811
107198
107201
90822
90825
90843
107228
107240
107259
107268
107269
90894
107279
107280
107284
107287
107288
107290
90926
107313
90931
107316
107317
107318
90938
107326
107336
90956
107343
90961
90964
90970
107355
107360
90979
107367
90985
107376
107383
107385
107386
107393
91012
91014
107403
107404
88898
107406
107407
107408
91033
91034
91041
91047
91049
107438
107445
91062
91064
107452
107454
107456
107462
91080
91082
107471
107473
107474
108026
107495
107506
107510
91129
107516
107519
107522
107525
91142
107527
91147
107538
91156
91157
107542
107545
107546
91168
110768
91171
91172
107557
107558
107559
91185
91187
107574
107583
91207
90734
91212
91214
107601
107605
107609
107610
91230
107617
91234
91238
107623
91245
91249
91250
91255
107655
108055
91277
91278
107673
97135
91293
107678
107688
91312
91314
102601
107707
107712
107717
91335
91343
91354
91358
107746
91364
107749
107750
107753
91373
91378
107774
94421
107788
107790
107792
107794
107797
91416
91697
107817
91439
107825
107826
91443
107833
91472
91474
107861
91479
107870
107875
112231
107879
107882
91501
91514
88982
91528
107913
107918
107925
91542
91555
107942
91559
91566
107987
96847
108009
108010
91630
91632
91637
91642
102655
91646
91649
108037
91655
91656
91660
91664
99929
108065
91687
91691
108078
108080
108081
91702
91709
108098
108101
91745
91723
91727
91729
108116
108117
91734
91735
91737
91739
91741
108129
108139
108143
108155
91778
108166
108168
91785
108177
108179
108184
108188
108201
108210
108212
108213
108215
91838
108226
91843
91850
91852
91855
108247
108248
91867
91872
108262
91882
108267
91884
91892
108279
91899
91918
108303
108305
108314
91934
108321
91945
91947
108332
91950
108339
108342
108343
91965
108353
91972
102710
108360
108364
91981
91992
92000
108385
92009
92010
108398
94525
92045
92046
92052
108442
108445
92062
92067
108455
108456
91804
108458
108459
108460
108463
92084
92092
92099
92100
92104
92109
92126
108512
108513
92130
108521
92138
92141
108531
92148
113663
108540
92157
92158
92166
92173
92175
108562
108569
92189
92194
108582
92199
108588
92207
92211
108600
108602
108610
108618
108619
108625
92246
108636
108640
92259
108649
108652
108653
92272
92279
92283
108671
108672
108674
92296
92297
92300
92304
92305
92310
92311
108704
92321
108710
108714
92340
92341
108727
108734
92366
92374
92375
92377
92384
108779
92400
108793
92412
108799
92417
108807
108812
108814
108815
92436
92437
108829
92450
108837
108838
108839
108841
92458
92460
92465
108850
92475
108861
92478
108866
108890
92510
92514
92522
92528
92529
92533
92534
92541
108930
92547
108938
92556
92557
92560
108948
92566
92569
92570
92571
92572
92575
92576
92579
108969
92587
92592
92593
92601
92603
108990
92607
108997
92614
109001
92618
92620
92621
92622
92623
109009
92626
92631
109016
92639
109042
109046
109047
92664
92665
109061
109063
109072
92689
109079
109081
109086
92711
92716
92722
92725
92731
92733
109118
109124
92744
109129
92751
92758
109145
92762
91919
92767
109159
92776
92783
92797
109186
109192
92815
92824
92831
92834
92835
109235
109241
92861
92865
109251
92871
109256
92874
92885
92888
109289
92918
108329
92927
92931
92932
91948
92939
109326
109334
92952
92955
109349
92971
109362
92980
92982
109367
92987
92993
109378
93033
93034
93042
93046
93054
109439
93057
93062
91969
93067
93068
93086
93088
93093
93094
109483
109486
93105
109492
93110
93112
93120
93130
109521
93139
93141
93155
93157
93160
93166
93168
109553
93170
93174
93176
109568
93186
109574
93192
93193
93196
109585
94723
109596
93214
93215
109489
109603
93220
93232
93239
93242
93248
93251
93253
93256
109641
93260
93263
93269
109657
109658
93276
109668
93285
93288
93290
93297
93304
93306
93308
93311
93313
93318
109708
93326
93327
93328
93331
93332
93333
93335
109721
93340
93341
109727
93358
93361
93373
109760
93386
93387
109773
93390
93406
109791
93408
93409
93411
93419
109808
109814
93432
93436
93443
93444
109834
93453
93457
93460
93461
109853
109855
93472
93478
109864
93482
93496
109881
109884
93504
109891
93511
93513
109907
93528
93531
93533
109918
102971
93540
93541
93542
109932
93552
93558
93561
109948
93565
93568
93569
93572
109958
93584
93586
93588
93589
109975
93592
93601
93602
93606
93609
109996
93614
109999
93621
93627
110016
110019
93636
110021
93638
93639
93640
93642
93643
93650
93651
93652
93655
110045
93663
93667
93672
93674
92071
110062
93679
93683
93690
110076
93693
93701
110087
110093
110095
110098
93722
93724
93728
93729
93731
93736
110129
93746
93747
110136
110139
93760
93765
93769
110165
110166
93785
93788
110177
93798
93802
93804
93807
93811
93812
93818
93825
93838
93839
93840
93845
94831
93852
110237
93856
93857
110243
93862
93863
93865
93866
93867
93870
93871
93875
93878
110268
110272
93889
93890
93891
93894
93897
93910
77527
93920
93922
110307
93931
93934
93935
93940
93943
93944
93945
93946
93954
93960
93962
93964
93965
110350
93967
93974
93977
93979
93980
93988
93990
93995
93998
94000
94003
94009
110396
110398
94015
94016
110408
94027
94028
94036
94037
94039
94043
94045
94046
110431
110433
94050
94054
94059
110444
94061
94068
94072
110457
94075
94079
113984
94082
94084
94085
94090
110481
110483
110489
110493
94111
94117
110502
94128
94129
88788
94134
94135
110523
94140
94144
110533
110549
94171
94177
110562
94183
110569
94187
110572
110574
108541
110588
94206
94207
94211
94215
94221
94223
94228
94236
94237
110624
94242
94244
94253
94260
110648
94265
94266
110655
94274
94281
94282
110668
94286
94290
94299
110685
110688
110689
94306
94313
94322
110707
94325
94327
94328
94338
110723
94342
94346
94347
94349
100376
94355
94365
94367
94369
94379
94381
94383
94384
94391
94393
94394
94395
94400
110785
94404
94407
94410
94411
94417
110805
94424
94428
94433
110820
94442
110836
94455
94461
105856
94467
94470
110860
94478
94480
94482
94484
94937
110872
94494
94497
94499
94501
94502
110890
94511
94522
94524
110909
94539
94544
94548
94558
110944
94563
94564
94566
94576
94577
94582
94588
110974
94595
94596
94602
94608
94612
110997
94618
94623
94624
111010
94632
94633
94634
94635
94636
94641
94642
94643
111030
94657
92235
94660
94662
94671
94674
94676
94679
94681
94684
94686
94689
94691
94693
94705
94708
94711
94713
94718
94719
111107
94730
94734
111120
94738
94740
94745
94746
94749
94751
94752
94756
94757
94760
94763
94764
94768
94774
111370
111174
94791
94801
94806
94812
94813
94814
94816
94817
94825
94826
94827
94828
111215
94832
94833
111225
111226
94852
94856
94863
94864
94867
94868
94879
94886
94892
94896
94901
94904
94909
94912
94921
94923
94925
94928
111321
94946
108667
94951
94955
111347
94969
94971
94976
111365
94983
94986
94989
94991
94998
95001
95003
95004
95009
95011
95013
95016
95023
95024
95031
95033
95035
95042
95045
95046
95047
95048
95063
95070
95072
106823
95077
95079
95080
95082
95085
95087
95089
95096
95100
95101
95103
95109
95110
95112
95113
95115
95116
95118
95123
95125
95126
95128
111516
95137
95140
111530
95148
95150
95166
109554
95175
95177
95187
95194
95198
95202
95206
95207
95212
111604
95224
95225
95226
111614
95235
95245
95248
95250
95253
95254
95258
95260
95262
95264
111650
95268
95269
95272
111657
95276
95287
95289
95291
95293
95294
95297
95298
95302
95308
95314
95320
95322
95324
95327
95337
86887
95342
95344
95348
111736
95354
95360
95361
95362
95364
95368
95373
95387
95390
95392
95395
95396
95397
95404
95409
111797
95414
95415
95419
95427
95430
95439
95442
95448
111835
95453
95458
95459
95460
95461
95462
95463
95466
95470
95475
95477
95484
106026
95492
95494
111881
111884
111885
95503
95506
95510
108761
111902
95519
111912
95530
95533
95541
95549
95552
95554
95561
111946
95568
95580
95583
95585
95591
111977
95596
95598
95599
95601
95603
95606
95609
95610
95612
95621
95624
95627
95630
95632
95636
95639
95644
95648
95654
95658
95660
95666
95667
95674
112063
95680
95682
95684
112069
95690
95692
95693
95694
95695
95700
95701
95708
95713
95717
95721
95722
95726
95728
95732
95735
95736
95737
95738
95739
95742
95747
95749
95751
95754
95756
95758
95762
95765
95766
95769
95772
95774
95777
106075
95783
95792
95795
95803
95804
95806
95807
95808
112194
95816
95819
95822
95823
95826
95834
95836
95837
95839
95840
95842
95844
95847
95849
95851
95852
95856
95859
95860
95861
95862
95864
95868
95869
95870
95872
95874
95876
95878
95879
95880
95884
95886
95890
95891
95893
95895
95898
95912
95914
95916
95925
95927
95928
95937
95945
95959
95960
95963
95965
95967
95968
95971
95973
95979
95982
95992
95993
112379
96001
96003
96010
96011
96012
112399
112402
96025
96029
96035
96037
96039
96040
96042
96043
96044
96046
96047
112435
96059
96060
96072
96073
96076
116131
96079
96081
96082
96085
96086
96087
96089
96092
96094
96096
96098
96100
96101
96102
96104
96109
112495
96114
96117
96119
96123
96126
96127
96128
96131
96135
96139
96140
96143
96144
112860
96166
96167
96171
112556
96175
96176
96178
96184
95220
96187
96196
96197
96201
96202
96203
112590
96213
96217
96218
96223
96224
96226
107800
96235
96236
96240
96242
96245
96246
96247
96251
110626
96256
96257
96259
96263
96265
96269
96272
96277
96278
96282
96289
112676
96293
96300
96309
96321
96324
96325
96326
96329
89783
112719
96336
112723
96341
96342
96344
96346
96348
96352
96356
96357
96361
96362
96363
112748
96366
96370
96374
96376
112770
96389
96390
96391
96400
96402
96405
96409
96411
96414
96421
96422
96423
96425
96426
96428
96429
96430
96432
96434
96440
96441
96443
96445
96447
96450
96451
96454
96455
96456
96463
96466
96468
96476
96477
96482
96488
96490
96494
96501
96504
96507
96508
96514
96515
96522
96525
96526
96529
112921
96538
96542
96544
112931
96548
96551
96554
96557
96559
96565
96567
96569
96580
96583
96584
96588
96589
96590
96592
96593
96595
96596
96597
96598
96605
96608
96615
96618
96620
96623
96627
96628
96633
96636
96642
96644
96646
96647
96652
96660
96662
96663
96667
96668
96670
96678
96679
96681
96682
96685
96686
96688
96690
96693
96694
96695
96696
96698
96700
96703
96704
96705
96708
96709
96710
87117
113104
96724
96728
96729
96730
96731
96733
96742
96745
96746
96748
96751
89855
96765
96770
96772
96773
96776
96777
96782
96785
96787
96790
96796
113182
96803
96804
113190
96807
96808
96810
96812
96813
96818
96825
96826
96829
96835
96837
96841
96845
106253
96852
96853
96860
96866
96870
96875
96877
96882
96885
96886
96887
96888
96890
96894
96898
96906
96908
96909
96917
96921
96923
96931
96932
96934
96936
96949
96951
96953
96957
96963
96968
96971
92156
96974
96975
96979
96983
96985
96988
96991
96994
96995
113380
96998
96999
97002
97003
97004
97008
97009
97010
97011
97012
97013
97015
97021
97023
97029
97031
97032
109015
97043
97044
97046
97049
97050
97057
97062
97065
97068
97069
97070
97071
97073
97080
97084
113469
97086
97089
97090
97091
97095
97104
97105
97111
97112
97113
97114
97119
97123
97126
97129
97130
97133
113519
97142
97144
97145
97150
97151
97152
97155
97156
97157
97158
113545
97164
97165
97171
97172
111803
97174
97177
97181
97183
97186
97197
97203
97206
97208
97209
97212
97215
97216
97219
97223
97227
97228
97229
97231
97234
97240
97244
97246
113631
97248
97249
97265
97267
97269
97270
97273
97276
97277
97279
97280
97281
97282
97283
97286
97289
97294
97296
97298
97301
97303
97305
97315
97316
97318
97320
97325
97332
97334
97338
97340
97342
97345
97353
97354
97359
97360
97362
97364
97365
97366
97367
97374
97376
97379
97381
97383
97384
97387
97394
97397
97398
97400
97401
97406
97407
97409
97410
97411
97415
97417
97427
97431
97437
97438
97440
97446
97452
97453
97454
113842
97459
97460
97462
97466
97467
97469
97470
97471
97473
97475
97480
97485
97493
97494
97498
97503
113893
97510
97518
97520
97526
97527
97528
97529
97531
97535
97536
97539
97542
97544
97546
97549
97551
97553
97554
97555
97556
97557
97558
97559
97562
97565
97577
97586
97592
97595
97597
97598
97600
97603
97604
97606
97607
97609
97614
113999
97616
97617
97618
97620
97621
97622
97625
97632
97633
97634
97640
97643
97645
97646
97647
97649
97651
97654
97661
97662
97665
97667
97668
97670
97672
97673
97674
97675
97676
97677
97679
97680
97684
97688
97689
97690
97692
97694
97701
97702
97704
114090
97710
97715
97717
97721
97724
97727
97728
97731
97732
97733
97734
105275
97738
114123
97742
97744
97747
97749
97751
97758
97761
97762
97763
97764
97768
97772
97776
97783
97789
97792
97795
97796
97798
97805
97808
97817
97822
97824
97827
97829
97831
97834
97836
97837
97838
97840
97842
97844
97845
97846
97851
97853
97865
97873
97875
97876
97877
97878
97881
97886
97888
97890
97891
97892
97897
97898
97899
97901
97904
97908
97909
97911
97912
97913
97919
97920
97925
97927
97930
97931
97932
90050
97935
97936
97937
97938
97941
97943
97946
97947
97950
97953
97956
97966
97967
97970
97980
97981
97986
97987
97991
97994
97995
97998
97999
98003
98009
98010
98013
98016
98018
98026
98030
98031
98035
98036
98039
98040
98042
98044
98052
98055
98058
98059
98062
98063
98069
98070
98077
98079
98082
98090
98092
98096
98098
98099
98101
98102
98105
98108
98112
98113
98120
98123
98128
98129
98275
98138
98139
98142
98143
98144
98146
98148
98150
98151
98152
98155
98160
98161
98165
98167
98168
98169
98172
98179
98180
98182
98184
98185
98189
98191
98195
98196
98201
98203
98204
98208
98213
98214
98218
98224
98225
98228
98229
98230
98232
98233
98235
98239
98247
98248
98249
98250
109218
98258
109219
98265
98266
98268
98272
98273
106491
98276
98280
98283
98287
98290
98291
98295
98296
98298
98300
