144339
144338
144337
144335
144334
144333
144332
144331
144330
142609
141301
141300
141302
141305
141304
141307
141306
141308
142425
131115
142424
142960
140355
142962
142963
142964
142965
142966
140822
142968
142969
140821
131448
124237
140351
130467
140350
140353
142429
140352
142428
143963
143962
143961
143960
143967
143966
143965
143964
143969
143968
140829
141437
141436
141435
141434
141433
141432
141431
141430
140359
141439
141438
141129
140431
140432
140433
140434
140435
140436
140437
140438
140439
141123
141122
141125
141124
141127
141126
133694
133347
133748
142159
142158
142155
142154
142157
142156
142151
142150
142153
142152
144658
132346
143688
143689
142773
142772
144650
143683
144652
143681
143686
144655
144656
144657
142487
142486
142485
142484
143178
143179
142481
142480
143174
143175
143176
143177
143170
143171
142489
143173
142379
142378
142371
142370
142373
142372
142375
142374
142377
142376
143648
132124
144969
144966
144967
143644
144965
143913
144962
144611
144612
143641
140349
131690
144434
143427
144436
144437
143422
143423
143352
143353
144438
144439
143428
143429
130475
131470
144348
144349
144343
144341
144346
144347
144344
144345
130878
131870
130872
130652
141338
141339
141334
141335
141336
141337
141330
141331
141333
142183
140092
140093
142185
140542
131306
140543
142979
142978
142977
142976
142975
142974
142973
142972
142971
142970
140094
140547
141590
141591
141592
141593
141594
141595
141596
141849
141846
141599
141844
141845
141842
141843
141841
143998
143999
143996
143997
143994
143995
143992
143993
143990
143991
141442
141115
141116
141441
141110
141111
141444
141445
141448
141449
141118
141119
140429
140428
140427
140425
140424
140423
140422
140421
140420
133689
134155
143462
143463
143460
134082
143461
143394
143395
143464
142675
143465
141429
142673
142168
142169
142160
142161
142162
142163
142164
142165
142166
142167
142740
143698
142742
142743
142744
142746
142747
142748
142749
143693
143692
143695
143694
143697
143696
143372
140891
140320
140321
142344
142345
143169
143168
142340
142341
142342
142343
143163
143162
143161
143160
143167
142349
143165
143164
141235
141542
141237
141236
141231
141230
141545
144149
141232
144647
144646
144645
144644
144643
144642
144640
144649
144648
114274
131680
144825
143343
143434
143341
143340
143431
144426
143433
143432
144429
144428
143439
143438
144359
144358
132660
144351
131466
144353
144352
144355
144354
144357
144356
144544
144545
144546
144547
144540
144541
143611
144542
144930
144811
143613
141329
141328
141323
141322
141321
141320
141327
141326
141325
141324
144937
144548
143616
144549
144939
143618
144916
142908
142909
142902
142903
142900
142901
142906
142907
142904
142905
140180
140181
140182
140183
140184
140185
140186
140187
140188
140637
140634
140635
140632
140633
140630
140631
140856
140857
140854
140855
141859
141858
141589
141588
141855
141586
141585
141584
141851
141850
140858
141580
142212
143989
143988
143985
143984
143987
143986
143981
143980
143983
143982
141451
141450
141101
141100
141107
141454
141457
141456
141459
141458
141109
141108
140988
140989
140458
140459
140980
140981
140982
140983
140984
140985
140454
140987
142520
142521
143811
140430
141128
124351
141121
142177
142176
142175
142174
142173
142172
142171
142170
134891
142179
142178
140045
140044
133329
140047
140510
142759
142758
142757
142756
142755
142754
142753
142752
142751
142750
140043
140514
142353
142352
142351
142350
142357
142356
142355
142354
142358
144632
144985
144986
144631
144636
144637
144982
144635
144638
144639
144988
144989
131678
141428
142326
142327
142456
143400
143401
143402
143403
143404
144189
143406
143407
144184
144185
144186
144187
144180
144181
144182
144183
144364
144365
144366
144367
144360
144361
144362
144363
142453
144368
144369
144733
143104
144730
143101
144736
144735
143102
143325
143324
130742
144111
143326
143321
144116
144443
143322
143329
143328
142919
142918
131325
142911
142910
142913
142912
142915
142914
142917
142916
140629
140628
140199
140198
140197
140196
140627
140626
140193
140192
140191
140190
141868
140844
140847
140846
140841
140840
140843
140842
141860
141861
141862
141863
140849
141865
141866
141867
140544
140997
140996
140995
140994
141468
141469
140991
140990
141464
141465
141466
141467
141460
141461
140999
141463
140449
140448
140441
140440
140443
140442
140445
140444
140447
140446
134429
141422
141423
133957
142102
142103
142100
142101
142106
142107
142104
142105
142108
142109
141716
141714
141715
141713
141710
141711
141718
141719
142728
142729
142722
142723
142720
142721
142724
142725
144620
144991
144622
144625
144996
144627
144994
144629
144628
144999
144998
140621
131667
133803
144199
144198
143419
143418
143417
144192
143415
143414
144197
144196
143411
143410
144373
144372
144371
144370
144377
144376
144375
144659
144379
144378
142777
130423
142776
131402
140265
140264
141398
140986
143682
141399
144651
131887
143680
144653
144654
142778
141640
140298
140299
141393
140294
140295
140296
140297
140290
141642
140292
140293
141391
141644
141645
141646
141647
141419
130756
142925
142926
142927
142920
142921
142922
130751
142928
142929
141418
143701
140618
140619
140610
140611
140612
140613
140614
140616
140617
140871
140872
140874
140875
140876
140877
140878
140879
140823
142483
142482
140474
140475
140476
140477
140470
140471
140472
140473
141473
141472
141471
141470
140478
141476
141475
141474
143172
142488
142985
141877
141876
141875
141874
141873
141872
141871
141870
141879
141878
142111
142110
142113
142112
142115
142117
142116
142119
142118
141705
141704
141707
141706
141701
141700
141703
141702
141709
141708
133303
142739
142738
133470
133471
142731
142730
142733
142732
142734
142737
142736
144618
144619
144968
143649
144614
144615
144964
143645
144610
144963
143640
144961
143066
143067
143064
143065
143062
143063
143060
143061
143068
143069
133874
143398
143399
143468
143469
143390
143391
143392
143393
143466
143467
143396
143397
140845
140946
144388
144389
144386
144387
144384
144385
144382
144383
144380
144381
140289
140288
140283
140282
140281
140280
140287
140286
140285
140284
140697
142570
142933
142932
142931
142930
142937
142936
142935
142934
142939
142938
143510
140607
140606
140605
140604
140603
140602
140601
140600
131343
140609
140608
141188
144500
140869
143221
140867
140866
140865
140864
140863
140862
140860
143223
144504
144505
140463
140461
140460
140467
140466
140465
140464
140469
134337
144508
140214
140743
141737
140216
140217
141739
141349
140747
140212
140745
141802
141803
141800
141806
141807
141804
141805
141808
140836
141347
141346
140218
140219
134593
134595
141614
142128
142129
142125
142126
142127
142120
142121
142122
142123
141731
141732
141733
141735
141736
134445
141738
133312
133311
144585
140831
142388
142389
142380
142381
142382
142383
142384
142385
142386
142387
140969
141673
144408
143426
144435
143424
142704
142705
142706
142255
142252
143658
142250
142251
144975
144430
144601
143656
143651
144606
144605
144604
143075
143074
143077
143076
143071
144432
143072
143421
143079
143078
143722
144821
143725
143724
143387
143385
143384
143383
143382
143381
143380
143358
143894
143389
143388
143479
143478
143471
143470
143473
143472
143475
143474
143477
143476
144399
144398
144394
144397
144396
144391
144390
144393
144392
132842
140839
140672
140673
140670
140671
140676
140677
140674
140675
140678
140679
131355
144403
143856
140818
140819
140812
140813
140810
140811
140816
140817
140814
140815
140498
140499
140496
140497
140494
140495
140492
134326
140490
140491
141811
141810
141813
141812
141815
141814
141817
141816
141819
141818
144406
134857
134583
142139
142138
142133
142132
142131
142130
142137
142136
142135
142134
134106
141729
141728
141727
141726
141725
141724
141723
141722
141721
141720
142397
142396
142395
142394
142393
142392
142391
142390
142399
142398
142256
142257
133588
144609
144608
142700
142253
142702
142703
144603
144602
144977
144600
144971
143650
142245
143669
142711
142710
142241
142240
142715
142714
144940
144941
144942
142718
144944
143665
144946
143667
143040
143041
143042
143043
143044
143045
144018
143047
144016
144017
144014
144015
144012
144013
144010
144011
143704
143070
143444
144493
144490
144491
144496
144497
144494
144495
144498
144499
143448
143449
142198
144236
144237
144234
144235
144232
144233
144230
144231
144238
144239
132728
130907
130900
131360
140661
140660
140663
140662
140664
140667
140666
140669
140668
144413
140809
140808
140801
120226
140803
140802
140805
140804
140807
140806
140489
140488
140485
140484
140486
140480
140482
144115
141280
141281
141282
141283
141284
141285
141538
141539
141536
141537
141826
141535
141820
141533
141530
141531
134210
141758
141759
141752
141753
141750
141751
141756
141757
141754
141755
140881
140332
133117
140331
140882
140800
140337
140884
140887
133596
141680
140886
142094
142095
142096
142097
142090
142091
142092
142093
142098
142099
141203
144837
144517
144957
144956
144955
143674
143673
143672
144951
144950
144959
144958
142270
142271
142272
142273
142274
142275
142276
142277
142278
142279
142506
142507
142504
142505
142502
142503
143059
142501
144005
144004
144007
143054
144001
144000
144003
142509
132538
143453
144480
144483
143450
143457
144484
143455
144486
144489
144488
143459
143458
141381
144805
143314
141848
144552
141597
144551
141598
144806
144557
144556
144803
144554
144225
144224
144227
144226
144221
144220
144223
144222
143628
144229
143279
144909
144558
132717
143624
130976
143625
143626
144907
144900
143621
143622
140658
140659
140128
140129
140126
140655
140656
140657
140650
140651
140120
140653
141114
141443
141440
141117
141446
141447
142876
142877
142875
142872
142873
142870
142871
142205
142878
142879
141932
141933
141930
140346
140347
140344
140837
140342
141528
140832
140833
141833
141524
141527
141526
141521
141520
141291
141290
141683
141749
141748
141741
141740
141743
141742
141744
141747
141746
133439
133125
142083
142082
142081
142080
142087
142086
142085
142084
142089
142088
144922
143603
144920
143601
144926
143607
143604
144925
144507
143608
144929
142269
142268
142267
142266
142265
142264
142263
142262
142261
144038
144039
142517
142516
142511
142510
142513
142512
144030
143023
144032
143021
143026
142518
143024
143025
143138
142442
142337
142440
142331
142445
142444
143132
143133
143134
140380
142338
140381
144470
144979
143312
142328
144210
144211
144212
144213
144214
144215
144216
144217
144219
141251
140389
144978
144473
144477
143318
130966
132621
120022
140649
140648
140139
140138
140135
140134
140137
140136
140131
140130
140133
140132
141198
141199
141194
141195
141196
141197
141190
141191
141192
141193
142865
142864
142867
142866
142861
142860
142863
142862
142869
142868
141994
141995
141996
141997
141990
141991
141992
141993
141998
141999
144976
144479
130038
141518
141519
140357
140820
140827
140826
140825
140824
141510
141511
141512
140828
141514
141515
141516
141517
121043
144970
141774
141775
141776
141777
141770
141771
141772
141773
141778
141779
144973
143000
144057
143550
143003
144972
142236
144536
142078
142079
142076
142077
142074
142075
142072
142073
142070
142071
142696
142697
142694
142695
142692
142693
142690
142691
142698
142699
144931
143610
144933
144932
144935
144934
143617
144936
143619
144938
142218
142219
132956
142213
142210
142211
142216
142217
142214
142215
143039
143038
142522
142523
142524
142525
142526
142527
142528
142529
143033
143032
143035
143034
143037
143036
143699
140493
141838
141389
140251
143721
144027
143691
144025
144023
144022
144021
144020
144029
144028
140709
140706
144209
144208
144207
144205
144204
144203
144202
144201
144200
140702
141384
140700
144447
142982
142983
142980
142981
142986
142987
142984
130733
142988
144446
140108
140109
140100
140101
140102
140103
140104
140105
140106
140107
142346
144440
141189
142347
141183
141182
141181
141180
141187
141186
141185
142850
142851
142852
142854
142855
142856
142857
142858
142859
140584
140585
140586
140587
140580
140581
140582
140583
140588
140589
141983
141982
141981
141980
141987
141986
141985
141984
142348
141989
141988
144442
143166
141506
141505
141504
141503
141502
141501
141500
130043
141509
141508
140360
140361
140362
140363
140365
140366
140367
140369
134819
141763
141760
141767
141766
141765
141764
141769
141768
133630
144301
134723
143720
144960
142069
142068
142065
142064
142067
142066
142061
142060
142063
142062
142685
142684
142687
142686
142681
142680
142683
142682
142688
144908
143629
144904
144905
144906
143627
143620
144901
144902
144903
142209
142208
142201
142200
142203
142202
133418
142204
142207
142206
142539
142538
142537
142536
142535
142534
142533
142532
142531
133899
133891
143488
143489
143480
143481
143482
143483
143484
143485
143486
143487
141857
144052
143557
143554
143007
143552
143001
144054
143551
144058
144059
143009
143558
143559
144278
144279
144272
144273
144270
144271
144276
144277
144274
144275
141828
130948
130940
142991
142990
142993
142992
142995
142994
142997
142996
142999
142998
140682
140117
143501
140115
140114
140113
140112
140111
140110
143503
140119
140118
142585
143505
142583
143506
144995
144452
143239
131230
142848
142847
142846
142845
142844
142843
142842
142841
142840
140593
140592
140591
140597
140596
140594
140599
140598
143235
140203
144514
141825
141978
141979
141976
141977
141974
141975
141972
141973
141970
141971
143231
143230
140754
141572
141573
141570
141571
141576
142849
141574
141575
141578
141579
130054
140759
140379
140378
140377
140376
140375
140374
140373
140372
140371
140370
140208
134827
134533
133628
141798
141799
141796
141797
141794
141792
141793
141790
141791
141823
142058
142059
142050
142051
142052
142053
142054
142055
142056
142057
142234
142235
144919
144918
142230
142231
142232
144422
144913
144912
144911
144910
144917
144421
144915
144914
144420
140970
144427
132976
143346
142548
142549
132578
143345
142542
132575
142540
144424
142546
142547
142544
142545
143497
143496
143494
143493
143492
143491
143490
143718
140976
143349
143499
143498
143348
143868
143869
143714
143715
143716
143717
143711
142629
142628
123179
144041
143012
143011
144042
144045
143540
144047
144046
144049
144048
143019
143018
143549
143548
144269
144268
144261
144260
144263
144262
144265
144264
144267
144266
140162
140163
140160
140161
140166
140167
140164
140165
140169
141913
143712
140647
142839
142832
142830
142831
142836
142837
142834
142835
140568
140569
140566
140567
140564
140565
140562
140563
140560
140561
140786
140787
140784
140785
140782
141968
140780
140781
141965
141964
141967
141966
141961
141960
141963
141962
130061
141561
141560
141563
141562
141565
141564
141567
141566
141569
141568
142363
140308
140309
140302
140303
140300
140301
140306
140307
140304
140305
134832
134295
133569
141789
141788
141785
141784
141787
141786
141781
141780
141783
141782
144425
142047
143668
142045
142044
142043
142042
142041
144949
142247
142049
142048
142246
142716
142243
143660
143661
142719
142223
142222
142221
144943
142227
142226
142225
142224
143664
142229
142228
144945
143666
144947
142559
142558
142551
142550
142553
142555
142554
133218
142556
143046
144019
143795
143796
143790
143791
143792
143049
143798
143799
131269
141156
141157
141158
144788
144789
141159
144782
144783
144780
144781
144786
144787
144784
144785
143570
143571
143572
143573
144078
144079
143576
143577
143578
143579
144076
144077
144070
144071
144072
144073
144526
144527
144524
144525
144522
144251
144520
144521
144258
144259
143208
144529
132746
132745
130247
144492
143445
143111
143446
140170
140173
143447
140175
140174
140177
140179
143440
143441
143442
143443
142829
142828
142821
142820
142823
142822
142825
142824
142826
140579
140578
140575
140574
140577
140576
140571
140570
140573
140572
141958
141959
140797
140796
140791
140790
140793
140792
141950
141951
141952
141953
140799
140798
141956
141957
141558
141559
141228
141229
141226
141555
141224
141557
141222
141551
141220
141221
140319
140311
140310
140313
140312
140314
140317
140316
134193
134994
134993
142032
142033
142030
142031
142036
142037
142034
142035
142038
142039
141046
141047
141044
141045
141042
141043
141040
141041
141048
141049
144739
141931
142788
142789
142784
142785
142787
142780
142781
142782
142783
144531
140639
140636
141937
140189
143783
143782
143781
143780
143787
143786
143789
143788
144799
144798
144791
140852
144792
144795
144794
144797
140853
140850
140851
142564
141587
144069
144068
142560
142561
143569
142563
143567
143566
143565
143564
144067
144066
143561
144064
143215
144534
144537
131024
144247
144530
144533
144532
141583
130516
144248
130510
144538
141582
144838
142237
141581
143287
141852
142233
143283
143633
143638
143632
143631
142238
142239
140148
140149
140144
140145
140146
140147
140140
140141
140142
140143
133400
141103
141102
143210
141453
142814
142815
142816
142817
142810
142811
142812
142813
141455
142818
142819
141106
141105
141104
140548
140549
140098
140099
143336
140540
140541
140090
140091
140096
140545
140546
140095
142305
130087
130083
140324
140893
140326
140327
141239
141238
140322
140895
141543
141234
140898
141540
141547
140329
141233
141544
142543
141697
141696
142541
141695
140452
140450
143213
140451
140457
141947
141946
141945
141944
141943
141942
141941
141940
140455
141949
141948
143637
134981
142021
143636
142023
142022
142025
142024
142027
142026
142029
142028
141055
141054
141057
141056
141051
141050
141053
141052
141059
141058
143635
141138
123815
143124
143634
142799
142798
142793
142792
142791
142790
142797
142796
142795
143212
144607
143416
144243
144242
143778
143779
143776
143777
143774
143775
143772
143773
143770
143771
143196
143197
143194
143195
143192
143193
143190
143191
142307
143198
143199
142308
141139
142573
142572
143519
142577
142576
142575
142574
143512
143513
142579
142578
143516
143517
143514
143515
131052
144501
144502
144503
143224
143225
144506
143227
143228
143229
144469
143723
144468
143307
143306
143707
143305
143304
144462
140159
140153
140152
140151
140150
140157
140156
140155
142335
142334
142803
142802
142801
142800
142806
142805
142804
142809
142808
140557
140556
140555
140554
140553
140552
140551
140550
131273
140559
140558
140089
140088
140081
140080
140083
140082
140085
140084
140087
140086
144112
141208
140880
140883
140330
140885
140336
140335
140334
141200
141201
140339
140338
141204
141205
141206
141207
143563
143545
144663
143544
143562
144043
141684
141685
141686
141687
141936
141681
141682
141935
143017
141938
141939
141688
141689
144044
143543
143014
142018
142019
142014
142015
142016
142017
142010
142011
142012
142013
141060
141061
141062
141063
141064
141065
141066
141067
141068
141069
141089
122807
132924
142655
132930
142244
143769
143768
143765
143764
143767
143766
143761
143760
143763
143762
143187
143186
143181
143180
143183
143182
143189
143188
142659
143509
143508
144431
132028
142588
142589
142586
142587
142584
143502
142582
143504
143507
144613
144519
144518
143237
143236
144515
143234
144513
144512
144511
144510
140715
140246
140245
132065
140716
140243
140242
140713
143575
140939
143612
140522
140523
140520
140521
140526
140527
140524
140525
140528
140529
131267
143615
143713
142249
143614
141217
141216
141215
141214
141213
141212
141211
141210
141219
141218
142248
144050
142325
144051
143435
141202
144433
130133
141921
141692
141691
141922
141925
141924
141927
141926
141929
141928
141699
141698
144107
143437
142320
134964
142009
142008
142003
142002
142001
142007
142006
142004
141079
141078
141077
141076
141075
141074
141073
141072
141071
141070
141286
133039
141287
133030
141824
142622
141289
144102
141534
143430
141827
141532
141821
141822
144103
134786
143015
143758
143759
143750
143751
143752
143753
143754
143755
143756
142468
144748
144749
144746
144747
144744
144745
144742
144743
144740
144741
132259
143534
143535
143536
143537
143530
143531
143532
143533
143538
143539
142598
142595
142594
142597
142596
142591
142590
142593
142592
144298
144299
144568
144569
144290
144291
144292
144293
144294
144567
144564
144565
132072
144984
144633
144630
144987
144980
143547
144981
144056
144634
144983
144166
144167
144164
144165
144162
144163
144160
144161
144168
144169
143602
131787
143541
132787
143248
140531
140530
140533
140532
140535
140534
140537
140536
140539
140538
144562
143243
144560
143241
143246
144295
141262
141263
141260
141261
141266
144296
141264
141265
141268
144297
140765
144026
140762
140763
130124
142258
141918
141919
141668
143605
141914
141667
141664
141917
141910
141911
141660
141661
141486
141487
141484
141485
141482
141483
141480
141481
144974
141488
141489
142259
141008
141009
141002
141003
141000
141001
141006
141007
141004
141005
133799
141137
133020
142292
142293
142290
142291
142296
142297
142294
142295
144350
141969
142298
142299
140726
140783
140209
144188
143405
142650
143408
142651
140788
143409
143879
140789
143878
143747
143746
143745
143744
143741
143740
143420
143749
143748
143875
142618
143874
142616
142617
142614
142615
142612
143877
142610
142611
142437
144055
143700
142432
142433
142430
142431
144755
144754
144757
144756
144751
144750
144753
143706
143705
123661
143523
143522
143521
143520
143527
143526
143525
143524
143529
143528
144579
143258
132041
144571
143250
143253
143252
144575
143254
144577
144576
143556
132882
144175
144174
144177
144176
144171
144170
144173
144172
144179
144178
132444
131794
144287
144286
144285
144284
144283
144282
144281
144280
144289
144288
141397
140508
140509
140058
140059
140056
140057
140506
140055
140500
140053
140050
140503
143553
143425
140948
141271
141270
141273
141272
141275
141274
141277
141276
141279
141278
141513
143677
143676
143675
142961
144954
144953
144952
143671
140276
140277
140274
140275
140272
141678
140270
140271
141675
141902
141901
141676
141671
141670
141905
141904
141495
141494
141497
141496
141490
141493
141492
141499
141498
143360
143678
141019
141018
141011
141010
141013
141012
141015
134546
141017
141016
142281
142280
142283
142282
142285
142284
142287
142286
142289
142288
133496
131993
143364
144009
144008
143732
143733
143730
143731
143736
143881
143734
143735
143738
143739
143888
143889
143057
140415
141856
143056
142605
142604
142607
142606
142601
142600
142603
142602
144768
144769
142427
142426
142420
142423
142422
144760
144761
144762
144763
144764
144765
144766
144767
141147
143051
141414
143050
141417
141416
143088
143089
143084
143085
143086
143087
143080
143081
143082
143083
141413
140419
132059
143242
143452
143451
144140
144141
144142
144143
144144
144145
144146
144147
144148
144485
143456
144487
143240
132455
143454
132452
132451
144816
144817
144814
144815
144812
144813
144810
144543
141209
143268
143269
144818
144819
131506
131507
141674
140239
140519
140518
140049
140048
140513
140512
140511
140046
140517
140040
140515
140042
143247
142046
141248
141249
141244
141245
141246
141247
141240
141241
141242
141243
143344
142040
143245
141267
141269
141648
141649
140267
140266
140261
140260
140263
140262
141392
141641
141390
141643
140269
140268
141394
141395
134932
134936
130238
143690
120991
141024
141025
141026
141027
141020
141021
141022
141023
141028
141029
141853
134064
142581
133489
140859
140625
140624
140195
143893
143892
143891
143890
143897
143896
143727
143726
143729
143728
143899
143898
140620
142638
142639
133003
140623
142630
142631
142632
142633
142635
142636
142637
142410
142411
142412
142413
142414
142415
142416
141869
142418
142419
143273
143099
143098
143093
143092
143091
143090
143097
143096
143095
143094
141864
124709
144827
142967
142220
143294
140333
143296
132961
143291
143290
144777
144776
144775
144774
144773
144772
144771
144770
143238
144820
144779
144778
140041
144159
144158
144157
144156
144155
144154
144153
144152
144151
144150
132427
144553
144804
144807
144550
144801
144800
144555
144802
144559
143278
144809
144808
130803
131912
140993
140992
140078
140079
140070
140071
140072
140073
140074
140075
140076
140077
143233
140383
141259
141258
140386
140387
140384
140385
141253
141252
140388
141250
141256
141255
141254
143232
144228
141669
141666
142557
141915
143288
144402
141916
141657
141656
141655
141654
141653
141652
141650
141662
141659
141658
140250
141388
140252
140253
140254
141912
140256
140257
140258
140707
140704
141382
141385
140703
141387
140701
140926
140927
140924
140925
140922
140923
140920
140921
140928
140929
144322
143309
141033
141032
141031
141030
141037
141036
141035
141034
141039
141038
140202
134079
143662
140279
144405
144326
143220
122479
142627
142626
142625
142624
142623
143719
142621
142620
143866
143867
143864
143865
143862
143863
143860
143861
142409
142408
142407
142406
142405
143793
142403
142402
142401
142400
143222
143108
133298
144418
143379
141348
143300
142713
143333
144702
144703
144700
144701
144706
144707
144705
144708
144709
144410
142712
144411
143376
143226
144128
144129
144414
144122
144123
144120
144121
144126
144127
144124
144125
143058
133928
140325
132432
144830
144831
144832
144833
144834
144835
144836
143289
143286
144839
143284
143285
143282
140124
143280
143281
140125
142923
140122
142519
140123
140067
140065
140064
140063
140062
140061
140060
140121
140069
140068
143272
144948
143055
143271
140391
140390
140392
140395
140394
140397
140396
140399
140398
143100
141341
143311
143270
143053
143277
143275
143687
143052
144891
140323
141622
141621
141626
141627
141624
141625
143276
141628
141629
140719
140718
140249
140248
140247
140714
140717
140244
140711
140710
140241
140712
140935
140934
140937
140936
140931
140930
140933
140932
134917
134910
140938
144074
143685
144075
143274
143655
144254
144255
144256
134005
142775
144257
144250
143654
144523
143916
143917
143914
143915
143912
144252
143910
142569
144253
143918
143919
142774
142457
143657
133334
141227
142450
144528
143209
142652
142653
143709
143708
142656
142657
142654
143342
143703
143702
142658
143876
143871
143870
143873
143872
133060
144313
144093
142478
142479
132228
142472
142473
142470
142471
142476
142477
142474
142475
143214
140414
143653
143217
143347
142500
143652
140721
140722
143216
140231
140724
140237
144711
144710
144713
144712
144715
144714
144717
144719
144718
140727
140516
144139
132407
132401
144131
144130
144133
144132
144135
144134
144137
144136
143299
143298
144829
144828
143295
144826
143297
144824
144823
144822
143293
143292
142898
142899
142894
142895
142896
142897
142890
142891
142892
142893
140012
140013
140010
140011
140016
140017
140014
140015
140018
140019
142707
143048
142779
141357
143013
143264
143265
142701
130484
143266
142619
130621
143010
143267
141631
141630
141633
141632
141635
141634
141637
141636
141639
141638
143219
140116
142613
140728
140729
140238
140172
140720
140233
140230
140723
140236
140725
140234
140235
140900
140901
140902
140903
140904
140905
140906
140907
140908
140909
142434
134905
142435
143016
140178
144759
141350
143436
144758
140834
140835
141839
140345
143262
141529
140343
140340
140341
144307
141525
143263
142438
141832
144752
141831
143905
143904
143907
141294
143901
143900
143903
143902
140838
143909
143646
141836
140348
142708
144924
141834
143647
134496
142709
142641
143849
142643
142642
142645
142644
142647
142646
143840
143841
143842
143843
143844
143845
143847
143354
133547
141523
142461
142460
142463
142462
142465
142464
142467
142466
143592
143593
143590
143591
143596
143355
143594
143595
143598
143599
143642
143206
143356
143643
142439
143207
143357
144992
144623
143204
143350
144990
144728
144729
143118
143119
144724
144997
143114
143115
143112
143113
143110
144624
144456
144105
144106
144455
143332
144453
144450
144451
144626
143205
143351
144458
144459
143906
141522
133948
143202
144588
144589
144858
144859
144852
144581
144582
144583
144584
144857
144854
144855
143259
142889
142888
144578
143203
142882
142881
142880
142887
142886
142885
143908
140001
140003
141112
140005
140004
140007
140006
140009
140008
143200
142254
143251
144570
144573
144086
144572
143201
143255
144574
140778
143257
143256
143004
131219
140770
143005
140776
130637
141665
140737
140736
140735
140734
141608
140732
140731
140730
141356
143006
141606
141607
141600
141601
140739
141351
140229
140228
140221
140220
140223
140222
140225
140224
140227
140226
142769
140919
140918
140917
140916
140915
140914
140913
140912
140911
134708
143334
140795
143930
143002
143932
143933
143934
143935
143936
143937
143938
143939
141176
141177
141174
141175
141172
141173
141170
141171
141178
141179
111951
142188
142189
142640
142182
141954
142180
142181
113838
142187
142184
141955
143857
144193
143855
143854
143852
143851
143850
143330
144191
143859
143858
144190
142678
142679
142674
143413
142676
142677
142670
142671
142672
143412
144195
142648
143331
144194
143581
143580
143583
143582
143585
143584
143587
143586
143589
143588
143848
144374
141663
142956
123201
124385
142454
142455
142324
144738
142322
142323
142452
142321
143105
144732
144731
143106
142458
142459
143103
144734
144445
144444
143327
144110
144441
143320
143323
144114
141550
144119
144118
144449
144448
141223
143511
141552
141225
144597
144596
144595
144594
144593
144592
144591
144590
144599
144598
144849
144848
144841
144840
144843
144842
144845
144844
144847
144846
131558
140038
140039
140034
140035
140036
140037
140030
140031
140032
140033
140328
143597
131158
140690
140691
140692
140693
140694
140695
140696
144923
140698
140699
143600
130602
144921
143606
144927
140742
140215
141619
141618
140210
140211
140744
140213
141613
141344
141611
140749
141617
141340
141343
141342
143977
144113
140968
143609
140962
140963
140960
140966
140967
140964
140965
143684
134259
144091
141296
143260
143359
143929
143928
143927
143926
143925
143924
143923
143922
143921
143920
141165
141164
141167
141166
141161
141160
141163
141162
141169
141168
142199
142515
133387
133382
142514
142191
142190
142192
142195
142194
142197
142196
143822
143823
143820
143821
143826
143827
143824
143825
143828
143829
140953
142669
142668
131968
140404
142663
142662
142661
142660
142667
142666
142665
142664
143022
140406
144031
140401
140956
133560
133561
144033
140955
144034
140402
143261
143027
141132
144036
141133
144037
134606
141131
140409
141410
140408
140504
141134
140505
141427
140054
144694
144695
144696
144697
144690
144691
144692
144693
140052
144698
140501
132383
140502
140051
140468
140232
142443
143139
142441
142336
142447
142446
142333
142332
143130
143131
142449
142448
142339
143135
143136
143137
143310
144471
144472
143313
144474
144475
144476
143317
144478
143319
133960
140748
144874
144875
144876
144877
144870
144872
144873
144878
144879
144415
140029
140028
140023
140022
140021
140020
140027
140026
140025
140024
131067
143814
144306
143116
144304
144305
144302
144303
144300
144725
144726
144308
144309
142924
144720
131127
144721
144722
144723
144104
140689
140688
140687
140686
140685
140684
140683
144454
140681
140680
143335
144100
144101
141378
141379
140201
140752
140755
140206
140205
140756
141370
141371
141372
141373
141374
141375
141376
141377
140979
140978
140971
144108
140972
140975
140974
140977
144109
141082
141083
141080
141081
141086
141087
141084
141085
143339
141549
144117
141888
141889
141882
141883
141880
141881
141886
141887
141884
141885
143958
143959
141548
143952
143953
143950
143951
143956
143954
143955
141150
141151
141152
141153
141155
141408
141409
141406
141407
141404
141405
141402
141403
141400
141401
140654
140889
143831
143830
143833
143832
143835
143834
143837
143836
143839
143838
140888
140751
140750
144683
144682
144681
144680
144687
144686
144685
144684
144689
144688
140753
144580
144853
132548
144850
143127
143125
144851
143123
143122
143121
143120
144856
143129
143128
142300
142301
142302
142303
142304
144586
142306
141541
141837
142309
144587
144035
131717
143308
144467
144466
144465
144464
144463
143302
144461
144460
143028
132118
144863
144862
144861
144860
144867
144865
144864
144869
144868
142883
134301
131824
141479
141478
142884
141477
140479
144315
144314
144317
144316
144311
144310
130996
144312
142762
144319
144318
144668
140758
141380
141909
140097
141908
141679
140273
140894
141383
141130
140892
141367
141366
141365
141364
141363
141362
141361
141360
130660
140507
141677
141369
141368
141900
140768
140769
140764
141907
140766
140767
140760
144561
141906
140278
141672
140890
141612
141091
141090
141092
141095
141094
141097
141096
141099
141098
142946
142947
142944
142945
142942
142943
142940
142941
142948
142949
140896
141610
141899
141898
141891
141890
141893
141895
141894
141897
141896
143949
143948
143941
143940
143943
143942
143945
143944
143947
143946
140416
140945
134633
140947
140412
140941
140942
141148
141415
141146
141145
141144
141411
140949
141141
141412
141616
133366
143931
143808
143809
143804
143805
143806
143807
143800
143801
143802
143803
133766
141615
141462
142020
140194
141903
142490
140407
142360
142493
142367
142496
140943
142365
144409
144678
144679
144676
144677
144674
144672
144673
144670
144671
140899
143152
143153
143150
143151
143156
143157
143155
141554
143158
143159
140255
144401
142319
142318
142317
142315
142314
142313
142312
142311
142310
143378
144419
144412
143373
143370
143371
144416
144417
143374
143375
142451
143367
140741
144737
141556
144898
144899
144896
144897
144894
144895
144892
144893
144890
141014
140643
134233
140642
140746
140641
140640
131853
140646
144096
144097
144094
144095
144092
140645
144090
144790
140644
144098
144099
140259
132588
144796
141149
141452
144320
144321
131454
144323
144324
144325
130989
144327
144328
144329
130980
140354
141312
141313
141310
141311
141316
141317
141314
141315
141318
141319
140779
143500
142565
140773
140772
140771
140356
140777
142566
140775
140774
142567
142562
143568
144062
142329
144516
144061
142955
142954
142957
144060
142951
142950
142953
142952
142568
130279
142958
141396
141143
144065
143560
144535
131026
144241
141142
143975
143976
144240
143970
143972
143973
143211
143978
143979
140411
144246
142959
144245
144244
140405
140952
140951
140950
140957
140400
140403
140954
141420
141421
140959
140958
141424
141425
141426
141135
140998
144539
141140
133371
143218
143818
143813
143812
141835
143810
143817
143816
143815
141609
141358
133776
141359
141604
141299
141605
141354
141355
141352
133517
141353
141298
141602
140738
140417
141297
141603
141829
142148
142149
142146
142147
142144
142145
142142
142143
142140
142141
142766
142767
142764
142765
144669
142763
142760
142761
144665
144664
144667
144666
144661
144660
142768
144662
133196
140358
143141
143140
143143
143142
143145
143144
143147
143146
143149
143148
141295
142498
142499
142368
142369
142362
142491
142492
142361
142366
142495
142364
142497
143369
143368
143361
144400
143363
143362
143365
144404
144407
143366
143639
140413
144889
144888
141293
144885
144884
144887
144886
144881
144880
144883
144882
134393
140410
143884
141292
143885
143886
144085
144084
144087
143887
144081
144080
144083
144082
143880
140910
144089
144088
143737
143882
140733
143883
141920
