5242880
1392643
1785866
4702221
4325391
4587536
3790168
3850262
5849111
2899993
622622
6340642
6144040
344105
2244653
5390386
213050
5095483
6160445
4079680
5996609
1130563
3342405
4997195
1982543
3716451
4866137
3276815
3981404
2670688
3620963
1998951
3932270
2785391
704627
2506869
2487657
3178617
2637951
1556609
2277506
5161094
999560
6127754
4767883
1360015
2993520
5341332
4571285
4276249
98457
5592431
2441372
4423838
868511
1753251
1163433
4751531
1026759
2687151
5570738
590003
442548
4587702
583215
6324410
5390524
1065149
4751553
2539715
6226118
5390535
671946
3932363
2605271
4440284
164064
2523364
3883239
233
3309803
1229037
2556153
524538
2752763
5816572
5226760
5406985
5374218
3424523
6308220
3276845
5800210
3358995
508185
4145436
4325662
6045983
6308129
557346
4401883
3784996
950567
4243753
475436
2490670
4718896
3604789
5751097
2359612
5538110
4235317
1016128
229701
5767494
1966412
5013840
3146066
5587283
4342103
6340959
4276578
3277159
4260201
1016170
4261966
2425199
5702007
4079996
2654599
2277774
131471
1147282
2179139
3948948
1125102
2556310
2212248
5538202
412
4129181
6078884
3746545
5325224
4260270
2736563
3031477
3621305
1786299
1819069
2376140
3883471
412409
5833181
4784611
4899301
1291914
2586023
4489708
1802738
5931511
6259196
5374463
2343433
5210636
2769423
4342288
1458705
5112339
1573397
3064342
5521943
6210075
630874
885281
91
4325928
3719260
5800490
6013486
2703919
2458175
197185
1557059
4254881
246346
1340855
852569
131674
3574543
328285
983649
5489256
2900586
3392111
4031089
5841001
787064
4260477
3457664
230019
3146373
3490438
4211335
1786504
1262222
3834511
4211351
5374616
426650
2376348
3343006
4308895
1327790
5472954
3162813
1426111
5407437
361166
3741133
4752084
3605205
3801818
5948135
3998440
2961749
1131244
3298511
1770225
5128947
2933492
4768508
361215
2884354
623363
1736833
445228
4014859
1475340
3441423
3719954
5964570
5849891
4047654
2556711
5292846
6177583
737416
4686642
1305396
5292858
6128460
1590100
2360149
4539224
17247
1344355
2278255
1409905
33658
6210429
885631
2147200
1213314
5014404
2900870
4965257
983948
2605965
3851156
605062
3702937
1524635
6013852
1885086
328607
5686176
4899746
2638756
5931941
5358502
1605788
4195247
2311098
1246142
1098689
6079429
803782
2229194
2982860
6095824
6194130
5516110
6018553
2851805
345054
4670431
6341602
1541091
82917
377832
2343913
4080619
4195308
738288
3683838
4276395
5948420
3507205
6305281
4719627
4539405
2966544
3179537
5243924
5342230
4027780
4375585
3310631
869416
3402588
3736618
1672237
5227571
6292532
3228727
853052
3146820
1033285
1426503
5047368
2294858
5882959
6292565
5489750
3687512
5571674
2524256
2245733
3277926
4179047
4572265
3081325
1786992
738418
3331603
763829
2016378
312447
5588100
5768331
1941698
3015824
3884178
656532
5084697
5145755
1328284
1328286
4277409
5833892
4818085
6276267
854898
885935
4687026
3572916
5489845
3720374
5719223
5424312
443577
4277437
1526645
2458816
4768962
3949766
5457095
3132279
786200
427217
4572370
1606869
4605157
5555431
5407977
5440747
1688812
5047537
2147571
279801
3130619
5817596
3818757
4277514
83211
5063951
967957
1328406
4060719
5719324
4719901
3212574
3835174
2049320
5980380
1344810
2622764
460077
1115438
345391
4474160
4900145
4113716
673079
1213753
6325562
3195419
3654980
5178693
2327881
197964
3409232
1656146
2442588
4834653
2753886
5834080
755042
5817704
245991
2213230
3491190
5735799
2590077
5227909
3081609
1082765
1607068
6194751
4900257
591267
6079909
2173852
4757063
4343214
2393519
2688435
5260725
5424566
4314697
50617
2966973
1344963
2360773
6161864
3671499
4130255
5932499
2785159
5604827
5096927
2917858
1704187
3768572
5827495
2459117
1592232
1099250
3851763
2655735
5441023
1410560
4130305
4736514
4998659
2852360
1332823
4508589
1197585
4785682
3261977
3960854
1934875
5948963
411173
3733085
4310578
935475
4359732
1590837
2901560
4621881
5178939
4672437
2426435
2311749
4359750
1951305
1164881
2147923
5686870
4752985
5520081
6145637
5949037
3933808
493169
5228147
5473914
1312381
2672254
5457535
5392002
1115786
3032717
3851920
6114243
4179604
870041
2786972
1984161
2131622
2836144
2180785
657076
901407
2672316
165567
591553
4474567
4392652
3950287
1427154
2426579
2344660
4048599
4473124
5981915
1115868
1525470
5916387
1960914
4507376
1672953
2098946
3147528
2197269
1787670
4982553
2131740
1951522
3295011
1574692
1738533
4704043
2983725
4785966
1394479
5707400
6080311
5719865
5663711
3118730
4261700
2574152
2983757
2138424
345938
395095
2672473
2967386
3147613
4605801
6031219
1476470
2754423
3409784
264057
1345406
378752
3622787
247685
395142
5130122
2279307
2608109
1840792
4310933
5965722
5998492
5539741
919462
4769712
2262961
4016050
5719995
4556735
3590084
4179912
1542091
1050573
2361295
5113809
2885588
2008
1537469
5638106
1443804
1132517
2263021
2479784
4442100
1181687
4688895
67584
3588439
1804301
493585
198677
6244374
5720090
3442721
3786786
2213933
5883951
1493041
1067060
6146101
1411126
5408824
4475914
6293566
5343296
6064193
3075083
2672708
1804359
4933704
1165388
2689102
346192
1919068
4360287
5377040
3819621
4081768
1084434
772206
3836015
6375537
4491382
4868216
6039477
952443
6047874
6015111
5376136
5326988
5671053
264338
5130389
2279574
1802607
772257
5566443
772264
3950763
2672817
6047927
2869433
4606141
1849035
1984710
3279053
3147986
3213523
3442901
2394331
5064925
4098274
4704484
4737255
3229928
885116
6260972
5097712
133364
1362165
887031
6129913
1870074
4442363
838698
4049150
4376834
4835589
2164999
4081930
5425421
3475726
330797
5589264
4213016
3311901
1067298
133414
4360488
2263339
1739055
1853745
1537758
3230006
4720959
2394432
1808096
4589895
5900617
4458827
5949775
5556562
693987
311694
18777
5802334
6193334
5835105
133474
2001251
2869612
2902383
3869040
4114803
3983733
412024
2099578
133499
513770
4163969
4229509
1182088
5998986
3164558
1963757
5622160
2496238
1132951
4999578
854427
5409183
4245926
1542567
3393969
297395
3983802
2329021
2640329
2279888
1411537
1329623
1640920
5474784
4655585
6293986
4770278
5196263
772585
3645863
1427952
362993
3557875
264692
3951097
3394053
3443206
4721159
2542088
4688393
2739287
2148879
805398
2230810
690716
641565
6244894
5101317
821792
4278818
4180515
1395238
5999145
870955
838188
5147182
166455
3361337
4770363
1067581
526911
3197504
5884481
3880716
1018448
5588856
3115603
641622
150104
4786781
5196383
1854051
576101
297577
4393578
1722993
4421397
1231489
4360834
641675
5202370
4360849
4410010
4639392
1428133
6294183
4197042
182963
6081205
3623615
1477315
5475012
6146757
4262601
5966538
2280147
412373
2181849
4344538
1493724
4754141
1264350
4262625
3541736
6212329
4655861
2181879
101113
1706747
4623104
5950209
3934984
3803919
5557009
4705043
4208430
3935000
2427684
1297190
1313576
2288775
4393772
2861
510773
3459894
5917497
5524282
4574013
3590974
5999433
30519
5147474
2646499
2345816
4262748
3853149
559969
1985384
1248105
6130538
428908
5704558
2050927
1969008
494450
1182581
1133431
5917560
2493308
5409663
3771280
2263967
1739680
4541347
6163365
117671
2509736
691117
527282
3984309
5032890
3099584
2345923
248775
6373391
3558345
3525579
4885458
4852699
1166304
1526757
4328423
2280426
4656108
789485
5114866
3066872
6343673
3629567
3656703
5704710
1887242
4197389
3902480
2034706
5000212
3656726
3509271
936990
2886697
1477674
265261
5884976
2427961
2116673
4852807
4967501
4607055
5590097
1641558
117847
49679
2985054
3361887
6048864
3230817
4770915
1789031
5147752
3738732
3468477
117876
5688442
1363069
2542718
3820679
1035403
5606545
1445013
904353
5573795
5590186
5377200
2985138
4596254
724155
3787964
5852350
5754048
2198725
4121122
1494224
5295315
6048980
2231512
6311129
1117409
2542818
2477287
173054
5934315
150767
2526449
1871090
36083
5786836
1625339
5737725
2460927
2504576
3263746
5999875
3624198
3804423
740617
445712
5606675
5508372
52506
1543458
4896558
6130982
4640043
5377324
5672243
5393718
2952511
2690368
4746464
6294851
593221
5573960
3940919
5688653
445777
511315
4006457
3476824
3870042
4427100
4296030
773474
2493798
2192740
1314155
462191
6294896
3783819
4083062
1215864
3296633
3408447
4967806
1494399
707970
5197188
5361030
1772936
1133969
314772
363928
2608538
2886895
4175770
4558239
238151
1265072
6278577
3362227
5082549
1330615
724410
2362815
2608590
4787663
5131732
2035172
1396203
5115375
4689392
2543089
5737971
2215412
1510905
527868
5787133
986628
2723335
134668
757261
1723918
4902417
2575890
5361172
1281562
3919391
3657248
5197345
3919396
4738599
6201949
4066865
1674804
446006
2723386
3903036
1805889
593474
2149956
4410949
4427336
2149965
3706451
5852760
118373
2182767
2592371
2592374
167547
1183356
2887295
347778
5525123
4689542
1969799
6016651
5082764
5887938
4198034
3198613
3772057
855706
5656222
5803680
478881
4886183
1314472
2477741
4771503
4509361
3886770
4902579
2559668
5361333
5000889
659130
3641024
4607685
5820104
4935369
691916
6360354
4165329
3903189
6033114
5443305
2658028
6065901
5295854
1199856
773880
1923028
1363709
6311680
737920
4280066
1265411
1931222
4416129
5263113
1543946
790283
4067088
4457091
85780
2707227
1937181
3788575
1576742
1724199
298792
5953500
4656950
2559799
3903292
4640585
6147914
3428172
741202
3460949
855900
4013831
659297
4706153
2527083
2494316
3641202
2854773
2805623
1724282
5803327
1199996
5558142
659329
1970051
1298308
3084165
664
2363288
60145
33434
4312389
3936162
913409
2068390
6275740
3542954
249776
3968951
5017531
4009290
2789313
5216246
5967814
4968394
3051468
4935630
364497
6239308
3690460
4313053
3690463
1396707
708581
2895185
4165611
6328302
2002928
102392
282618
1757185
2330626
1544195
4050950
6295560
2002953
3362826
5640206
4231184
1052698
4689952
5001249
3100708
1691686
135212
1560623
3493936
4886578
6115384
1413181
6344767
5967937
2084931
905284
6213701
4853830
5902411
3133519
4034642
331861
3952727
3297371
4981434
2805854
4952160
4198497
888930
102501
2398225
5787752
1169426
4935794
5197939
4100214
692344
2183289
4313215
4804747
4608144
1249426
6361236
2461850
2182512
1691810
2511023
3657914
6228313
4362438
4001991
2019528
135372
5999992
5542102
3774500
3576026
1790171
1446111
5558499
5263592
1483474
3618856
4293332
5388330
1518976
5017858
1872131
1577220
5902601
1413386
6230285
561422
5756973
5563097
5214489
4231450
2658587
4706589
4854047
1741092
2871595
2313342
3395887
3035447
1233209
5017918
3952959
1577292
1691981
2707790
2429265
119122
102742
2684985
1511778
4798523
282981
4264294
3263889
4723048
1397099
2740588
5149037
2691441
5542259
6199358
3232119
2642304
1872259
3756424
3277548
348554
1331595
3248524
4608398
2773395
2789783
4313496
4608409
5198237
233893
1266086
1069479
2757033
5251826
2494896
1905073
4637427
5755320
3559865
839071
250301
3953088
4329922
3799115
3903942
3674578
2380243
5870037
1446359
5689817
6181342
463342
2642415
3478001
1495540
233974
2150903
4805113
5444090
4877738
3969536
2150915
5935621
1151497
6230539
2839052
5902865
3117589
2707996
1593891
430631
1020456
4411952
3346993
3592754
3592756
2839094
5214775
2149813
6296128
5853767
4674125
1593934
6378067
5116502
328463
2953823
1938018
5526115
6230635
2982674
4985454
2986611
4706935
3953273
2282115
2069124
5558917
6256748
889485
4297360
5952145
3445394
1004179
37524
4903575
5444252
5640868
3773093
5001894
2282151
2462378
5509807
186483
2052788
1315509
5001910
6050488
5034684
4149951
2380481
3265232
6181589
4903638
5591771
5870307
4760358
1413867
5067506
4772595
4969207
4428536
5919484
2937599
4117259
4707085
3789582
1479439
3527443
4887316
3216150
3281692
5804832
3429153
2757413
2937638
1200935
660264
4510514
4444986
3794023
2832522
971587
3691346
5346138
3740512
4182882
3061905
3117931
3642220
4690809
5460858
103291
365436
5729770
2626431
3003269
3543949
3740565
4756375
3412892
5804959
4002724
2659239
633212
5224604
5041
3209374
1446838
1086392
3527617
4019138
5936071
201672
4825932
938955
2810701
283600
1119186
1741780
2380757
4838358
3640825
2970584
3118046
1496032
431081
5673964
2397166
5723128
2249724
2665984
6053366
742412
791571
4625428
87064
5592089
5788698
742427
3462172
1791005
414750
1266722
1455739
5903396
611371
3626033
267320
2757690
4461628
119875
4541456
69132
2757706
5848630
578636
1856590
4772943
857169
5985365
4052055
2233432
5411935
1420816
2544738
6166715
840812
1774701
418664
2806898
1758325
3150968
4379769
5788795
3658878
2299008
332932
382087
5969032
2643081
218250
988305
4423993
3970197
2610328
365722
5837982
70815
3101862
4527271
2233515
2888880
5166263
2626744
2418291
4723901
5710709
1248800
4199618
1472715
5919942
6106657
1332426
513230
3593423
5481336
4084950
5870808
3937497
4347098
3871963
836474
2807018
6231276
595187
5526772
4773112
6280441
2299130
677118
3151103
3020034
5018883
4838661
4006785
5494026
2741516
3429645
1479953
3724563
1987860
1381654
1152280
817370
4298014
1398048
3593508
2692392
5985577
4920625
2200882
3970357
2184507
5068096
3233089
1234243
5418550
5669772
1480011
4560212
1054039
4085080
5838169
5854560
2413921
4838760
1322556
1529194
4838767
1035665
5297521
4554014
1299829
1037691
5297534
2725249
2873579
5117320
1004937
4609422
2545040
4724114
5035413
6133144
2266522
4527516
1035845
3724708
4462002
3848435
4478390
6312918
4380089
5325727
4265408
4265418
710093
3118542
4345421
4298194
6116819
3970520
5969376
4359078
2151911
2594280
3233259
3888621
1578478
4052468
3675641
3757562
6264316
5838341
2528783
470616
2217490
349715
1070616
1529369
5133856
480802
464425
1316403
3577398
2676280
972347
388704
1857094
3053127
4478537
3905099
4822607
431703
6313560
4167259
2643548
3937888
3118690
2339028
5969512
644714
1502823
6264436
5035637
6231679
2348672
5838465
5379715
3561092
3659400
3806857
1447562
678167
169613
284302
644751
5224729
3364504
1513119
1185447
2234024
4822704
3053236
5314229
5641910
1775287
2627257
5756605
1054403
3348164
3954374
5822151
2423594
1758924
4167374
5969620
4101845
3462876
4069085
841440
4724451
4563301
1955560
874218
2479853
1398510
4822768
3413747
2627316
5396213
2578172
2774782
1267458
399109
6067976
6231817
6043949
3659540
431895
5691162
4430127
1447709
4852154
3122140
3299115
5510956
956206
1070904
481081
3086138
3495739
1283901
6362952
6147724
628556
3741517
4413269
1349466
4003678
5478241
424251
1496937
628586
1644395
2545518
3933160
3446642
153460
5937021
4347775
6117250
1005445
1595270
4069256
1709962
6231948
3331983
2281113
3331992
4165274
5781554
1775525
4937652
5871541
6166461
2136000
235458
5461958
2168775
5134288
5740497
4511700
153558
1857496
4675547
5085148
2185186
2745339
2207398
1300458
2971630
6264819
4200437
5658614
3954681
5527548
3594238
5969919
3102726
923655
186378
4069387
4233228
3627022
4790289
1447954
5675029
382999
2136089
5967535
5609500
6346783
3119137
55332
1890341
3069993
3627051
2201644
4593709
4577329
1955891
2234421
1366072
5527610
5822526
2201663
3774528
2234442
6145037
4986972
28847
5576799
415850
5888107
3577965
1792110
3283056
719208
1611891
6002805
5429366
3070071
1025044
4741244
3266687
2068160
1677443
4724874
5281933
2562191
6215828
6199449
219291
1824926
2559685
4167845
6068392
271388
2758831
5281975
1071290
5953723
3856579
2201797
940233
4766072
1923282
2996601
121210
5691617
5904610
1862771
4298981
2988262
1104107
1612012
5282031
1808635
3954948
481541
4593927
3725577
4217098
2824463
1267984
6150417
4659479
4446490
3332382
2283811
678181
1120551
1546536
2152745
3709227
940332
3840301
6019374
1169711
284977
5314866
6248757
907576
1694013
1497406
874815
3742016
104770
1841475
1153354
4528459
1874258
4331860
2480469
2906454
5511512
3856729
4954466
3463530
4413803
2234732
2201978
399741
5527957
2283906
1104260
3807624
3266953
874891
907661
5249422
5200273
1431957
4200856
2707184
727460
3905958
104871
3234217
1726893
3086766
4594098
4577715
1235383
3725755
5839292
891326
842175
39360
6330821
399777
3758544
1677778
3791318
3283415
4987353
4757982
2726369
3709413
3185131
2824688
3332593
3955186
5331444
2300407
3283448
5009151
2562558
4626943
4823552
5118470
3526401
4468482
1235471
4921876
2759190
760345
4266522
2103835
5495324
5446173
2054686
1281797
5724706
4512293
3665671
5298737
1841715
6216244
2677301
2333238
3477257
1472948
2955834
5355957
678467
451681
5823051
4741711
130027
3840600
2447962
1710684
3480157
5200478
4466220
4453254
2792034
662116
907880
6347370
2196583
5134958
5380720
5085809
2480754
3627638
3949673
6249087
5003904
2251393
6052486
5610124
2497165
2480784
629401
3070622
1333920
1383075
203429
1432235
6358130
5102255
5806768
2726577
5407859
72377
4856508
563901
372513
1563337
154323
2464468
3660503
5462745
1759964
3431134
5905120
2726625
921382
4823787
4446961
695029
4534057
4430587
3873532
4812586
4053758
154376
711441
3775252
2398997
5479192
3283739
4332316
2022173
1891106
793380
5053226
5708588
1235760
2808626
3989410
5643060
2939702
4938555
465727
4856640
3542838
514889
986935
826189
3218254
4954962
3185496
7002
3365723
5725022
5266277
3611495
6065980
3726186
1366895
5446514
1416053
6036344
859006
760704
5135235
4856710
23433
1252234
5186711
88978
3087251
4004757
3316630
2333593
695195
3087267
4561828
1175366
1514406
6030492
1776557
2153390
2120623
5921713
2579381
2694074
5184444
1579965
5004222
3038146
400326
973767
3120072
5661858
3906510
1334225
2563029
5145764
4555941
2104289
1498085
3496934
1568593
6036461
2513902
2450600
4676597
2317303
4267001
3890170
5741564
6315006
4938751
3316736
269314
1645580
3859629
2087952
5437955
4070420
1072151
3968462
23582
3611679
1219618
6167587
5741062
3284007
777258
2186283
5381166
686600
4791348
3546167
2481210
2622645
4185152
312502
5466257
1301579
1563724
4627540
6167640
2120793
1743967
4152418
1711210
2481259
5037168
3398771
1186933
2792566
1301623
1956986
4349056
4185218
3251332
1531013
1809543
5414024
4021397
253080
2595995
3579036
1629342
1367211
5053612
4414637
1367214
105656
5168314
253115
2393093
1006782
2923712
866848
6167746
2694345
335053
3841235
613589
1776854
5807324
20346
6151391
6135008
613605
1066193
2465001
5577966
4316402
6315251
1432821
122104
3120383
875776
3759361
6282498
5037321
2658179
2792725
6118681
4087066
2172122
2202911
2399523
4021544
5676329
482603
2235694
89392
941366
3530050
154166
56648
3661131
358968
2432339
4808028
3235165
4889954
3005795
859492
413585
4349302
3212521
2170233
6352265
5430658
1727888
2629012
2547097
1170843
4726178
6299044
5234086
2481575
4558749
1940913
4353950
2645430
1646011
5119420
1547710
5971391
3524596
2432452
5512646
4026273
5709257
4333003
4070861
1580495
286171
3073274
4709856
843234
3622139
2891236
5905896
5135849
351722
6299117
40438
73209
5725700
957957
4365830
761356
2383379
2252310
3317275
6315549
384542
1859116
1023533
5356126
679479
5299771
3563071
3760825
3710535
3579464
3874380
1220173
6102606
6118991
1580628
6135389
4595294
400993
5480036
3073297
3579497
2596458
89707
2416237
122478
941681
3530355
1875573
1859191
3808889
1711748
614022
5938824
106126
1433231
1924758
5496472
409980
3530395
1072796
5594789
4020849
5562024
5725872
2662066
3825333
2584522
24254
5037760
4021953
155332
4280268
3727056
4644569
405455
4136671
3612385
974567
5021418
2793196
319214
3881597
728817
777971
4742902
4703529
4939514
4022015
6283011
5529354
450315
4644621
1810194
3858196
483094
2285336
286490
3268379
3612445
1826595
1842980
5431077
5857066
5005099
761645
5922610
5709620
417591
2150367
2006848
5480260
5381957
3579720
4857673
3084259
2776917
2957142
1443129
2482015
6299488
1071760
24426
630637
3497844
5660535
1482620
401277
2301822
434049
1924995
4628363
4693906
3678103
122777
1892253
5604677
5365666
1744806
199401
1597356
5578669
4448182
303037
1548225
745411
1089476
1552374
6004683
4644812
909261
384975
5119953
5234643
5070806
3455652
2678748
5840861
3661795
5283816
2498537
3940333
827379
5693428
614389
2973686
155652
1134593
3709613
2465821
5201958
1138728
5280798
598060
4268080
991284
410974
1670249
860217
4448314
3792962
965303
172109
4808785
3973202
794707
561166
1178297
3563610
1597534
1564775
3760232
875196
5742700
2983272
5398647
172152
6234238
5316738
5611653
5709961
1007757
4464796
3186845
3088544
2613412
368805
5140508
4464810
3825835
2973875
352444
1646783
4432066
5726411
4890828
3367118
5595345
5284053
178134
4808921
4497630
1699878
303335
3514608
1204465
2564340
4317430
4727034
2729343
3514622
1876227
2842889
1089802
1270027
2793747
5202198
4545241
450845
4120866
2973989
1728809
4628779
5431608
5120313
1007931
1663293
5136702
3718309
5906759
2564430
6299983
3907921
5251418
6267232
2990437
3301737
4219257
4120954
5628284
2433409
3432841
3137931
3973516
4972947
5448084
1876378
5185947
4202908
3924382
4922097
6365614
4187549
4628912
5267892
3891645
4530626
2265163
4268485
5513670
1115553
3269064
1565129
2925004
1221071
5890522
4006365
303583
3121633
137979
1991146
2351597
5284335
5562866
5464567
2056696
1663486
5623893
631296
926209
8709
1171978
3727886
369167
893457
2744850
1614356
4104727
565787
6038044
1925662
6234655
893473
2171426
5787739
565797
1548838
2351656
6267437
1121032
123442
598582
6169143
1270328
4088377
41530
4612667
3957309
4736437
942657
2728514
3051617
2369681
713289
221774
451153
680531
1335892
205397
3383895
2744925
5907042
293807
4350580
156277
762493
5202561
3355519
5300868
5677706
4815639
2876045
1432344
1967555
2351766
5080517
1254054
3777193
2677533
811696
3711665
926393
2187966
3596991
4743879
1270472
3793616
2691192
6218450
352984
1188569
1729243
5907167
5399270
6333159
5300971
3367662
4006642
4170483
3089140
1647349
2663158
1630969
74490
74492
5610282
4186879
5350150
5202695
3513132
1270538
2597646
2728719
4940561
5382931
1762068
5104405
910102
2827036
1483550
4334367
1221408
4605403
2040613
1237798
4170536
6103852
2500061
647990
3711800
5612346
280031
4290901
1893182
2022198
451404
1827661
4449103
1155920
5972817
1352535
5202777
3924830
1233040
713575
1123176
1778539
5099666
4596597
2450295
5251960
2253689
3908474
1303420
1090430
598911
2251584
5956491
4252556
4957074
1074067
3945343
2089886
2384799
1820146
566195
4842422
2827198
1735499
2679748
910285
4826064
5497810
3318739
467932
6054877
3843039
2847064
74723
5678052
3761133
4744175
4645881
4596731
3367934
3630085
2131457
4678672
222225
1500180
1636457
6235163
3499036
3482656
4776994
5776424
1336366
1664048
1938701
5465142
5104696
4059316
4845749
4252739
5596231
441186
2237519
828501
5189817
3712092
1123422
5973089
3220583
4752914
5153906
1746036
3843195
2008190
3761280
4613251
2974854
3798975
4189647
3761292
2499725
4646031
6063641
2335898
3368098
1369251
287908
4465829
6323057
5661864
287913
2352299
4875437
2679985
4990135
2024633
5661882
3843261
3906421
1828033
5940420
5645511
3105992
5219531
5727436
6055117
6251727
1893585
730328
1877210
2672165
5596390
4269287
2991336
4777200
1074417
877812
5006585
3597562
5219583
2663682
4744457
1680655
5088528
5842193
4482323
4744471
4056344
5006619
4482336
2035931
301958
845096
2417961
1123631
5023026
4220214
4056375
5317945
5121346
1369411
3843398
3384647
5301578
75086
3958097
1680727
3990883
255332
6153576
998291
4416891
5399933
4924799
3220867
6071686
6160295
6366614
1533337
206237
5432739
6219173
2024871
3532203
159986
3417519
3859897
5826123
4253126
5678537
1500618
6235595
175994
2942419
4695508
124375
6006234
1828315
5766401
1893853
6120928
3319265
2713058
1385959
3679720
4154859
5072364
1664494
3728880
5055985
2958835
4332457
2303481
4630012
4613631
3761665
3663363
5449222
2139657
1304076
5056016
3581457
6202901
2319899
3221023
2188836
2778661
5285418
927276
5498413
6219311
845363
3434036
2156087
5547615
2352711
2336329
124491
304720
1582673
3434066
370259
4007509
2844246
5187166
4859487
140897
5924450
960106
6350443
1611381
3204723
2614902
3073658
910974
2437397
894592
3570624
5711490
5269123
370308
4269702
812687
779924
5285525
2827927
3221147
5203613
5809825
5613218
6022819
435878
1746599
943787
3466924
6317743
2795185
4155058
1189491
4777652
173749
4757657
6252222
1713856
3057351
452299
4010274
5236431
5662420
2189016
184612
1582812
353914
4351711
5498596
5039847
3335914
927467
3696364
1566445
1091311
5334769
1599221
1009402
6104828
1337091
3024648
6350602
3630722
206609
2893590
3401496
239388
3537882
1435423
4859686
1238825
3549780
2292702
3827512
4777786
3319614
5957443
3565382
4810567
5793609
5777228
6137677
5039959
3368793
2680667
4400996
3221349
1550184
3613613
173933
3106672
1353586
3303284
1533816
2418556
4745086
2484095
3303298
670699
2204965
173959
4040591
4433808
5351316
26518
1189784
583580
1877923
75684
1828779
4007852
1713821
3958705
1386420
3940409
1741782
5337418
272319
2336710
6121420
1730514
3677177
239580
2074591
3008480
780257
3434466
5564390
92137
3598316
3876846
1157105
2300926
5957622
3778553
1255420
1353727
5122050
305156
1921366
2304006
5761035
5335054
1697809
6093828
5089284
4810786
3008549
2172967
4401193
2582571
4220594
2893875
4040756
3696697
4958267
1845313
5007427
5498948
6203462
993354
1943627
1976397
2467920
3385433
2140251
1108062
4679786
2314599
5515374
6121585
4712562
5269621
4253815
5302392
4103188
3106940
698497
6203530
4745356
3991694
5990545
5925013
2156700
551070
5974181
1566891
5908652
3958958
3811504
4417714
1566899
5040311
3172544
5728450
1222856
1042634
6345079
3172564
5269717
141528
1485017
5155038
859173
69431
2205924
3778789
3114706
911599
5662961
5056755
1829109
993526
6187260
5187840
5656960
5204228
1304838
4860167
3582217
2615563
6252817
5676078
2730268
5581091
5548330
10539
3139887
6089013
2107702
5296521
2681146
2517308
338242
4111414
5384522
2058573
2419024
4630868
2533717
1010006
2451172
3483994
2124127
4893031
5368169
5745003
3926381
1321332
6203768
141692
1321344
1386881
648485
1282455
1534348
3926240
3844496
5335443
2523047
4221334
4785627
1649056
755440
3565988
174501
3680679
3810036
3680697
534971
5712322
1862083
2828740
3140039
4729288
3177548
1145933
76241
289238
4663768
5171673
4041180
43485
3238367
403938
1812963
5312934
2419185
4696562
64596
2943484
4057600
4909572
1976839
3877388
1616398
3664402
10771
1370646
4889689
6203928
5307482
10792
5564168
1190450
3828279
3041849
1829435
4318986
764478
4041282
6072900
5335626
2746956
223821
4958804
3435093
2085305
4680281
1911386
5679711
5696096
2271844
3500647
731752
5433098
2643624
4336236
2796145
6138483
3549812
3680885
5859959
5220991
3484289
5594219
5204617
4467449
5352077
3861135
4123280
3041939
4865134
5122710
2489455
1600156
2042529
3648162
584356
5597861
3582635
2288327
2845387
2960076
76493
5843662
4221647
600788
3140315
2075361
1223395
469733
289510
4221676
4526546
5647086
1993457
4909816
5270265
2861818
733653
6127056
469771
5752621
6236946
441475
4991766
3402526
3648287
912162
240422
5659783
4401967
2534196
225758
5745466
2910958
1207107
2206534
358805
2091854
3156816
338771
1125212
5745503
4516705
2943842
2180923
3320679
5778280
224105
2009962
3222382
2852669
3058546
289657
125823
4729730
3304331
715661
4074384
5024658
3353497
1797018
5467036
4221853
240543
1862566
1190823
5299356
912298
1059759
2714547
3320761
5401533
355265
3009479
6187977
4926412
5039949
6024146
3582932
3320794
4041692
2665437
3484638
682975
1944546
584675
3845093
1272807
4598760
4516844
3615733
3222522
5476864
2026505
2525015
1167339
807427
5237781
6171670
5392221
6368307
748599
2354239
5631040
2190405
5565511
1382795
3615820
5844049
5008468
244921
1879129
1780827
4680799
619024
175212
5581939
4025460
2796661
6055785
5956858
3599482
699519
3337344
5942401
3386499
3583111
797835
437390
5794968
1567899
535712
4351856
4369578
2747563
2632878
3681458
2796723
3784420
1371325
2698430
4828352
4959429
421064
3517641
4205771
3140816
1830097
5450962
2436312
3222749
503006
1961184
2174181
2698473
5135571
3435765
2126377
4205821
6024446
2780415
5647620
5188869
3140871
699662
2845994
3648815
2321714
5434680
695519
2764092
4861249
5385541
4590770
1158472
2010441
994634
3222865
6270291
6188372
4910424
2239833
1256796
2661605
5795168
3124579
1322340
5057904
4881640
2977143
5303675
4779392
437637
3370374
5500296
5533065
1174923
4664718
5729684
3202286
1830294
4238743
1355160
3141019
290205
2899184
3286940
4386218
1224107
798124
6274291
4107700
617910
5778873
1483781
1633735
3568931
5123532
4812237
5778895
306642
6057432
6286809
2829786
736506
3927527
2174441
290282
880107
1994229
1210455
3960320
4615681
3969622
2010631
6303245
5238287
1371664
699925
1125921
645251
4697637
4615722
1715759
4124209
3730998
4468281
929338
4566588
5189183
1289798
4173384
93772
5828173
1470035
2944596
5385816
224859
4795998
3763808
509883
781925
1355367
3731051
5811821
3927665
1273459
4140660
1863293
5369471
4386439
2092686
1896084
2751769
831129
4796058
6270621
2240162
6024869
1765030
5303976
6319785
2502323
5484213
3976896
1388235
2010841
3426255
3878149
519908
1689553
1601256
5684519
880364
4026094
5533423
6041332
1814264
3141370
5353212
306941
896767
2322177
388866
5451527
1714135
2256656
2280863
2699030
4108056
4297348
2912029
3000341
1879841
2879268
4402981
4124457
5582634
5943084
6123315
585526
5651764
5713725
1060671
2535237
5386054
1517537
1011529
5795662
1486671
2895697
5409650
5828437
3878742
1814359
3141465
4124506
110428
3265170
1175408
2846578
2322295
77690
995195
3501948
421760
3731331
5435269
2387847
5828488
4435850
1732496
1666961
5353364
3239833
4534170
2191259
3993501
4730782
5479749
5926817
1994658
1830820
266908
5091242
405419
5975980
1306544
3256241
2666418
1732531
2404277
6254519
3043257
4861882
2781121
1961922
1274529
5402570
602063
4157398
2781144
3944416
4861924
94182
5615592
3387370
1364647
913389
6320111
3289072
3616758
2066432
1339396
3076101
5943304
1503241
4493683
1732624
4075540
2338837
405526
3747865
5287963
61468
5648413
2863135
3207206
1503273
2617390
2256943
4517941
5353526
5632057
2355268
897093
6008902
913484
2601037
4960334
1208399
2142294
489560
2895963
5697633
4567138
1583121
1077352
6221930
831595
1994861
12399
2895991
4829307
4599935
569473
3797125
2109574
4608705
1157557
1372304
3633301
929946
176284
422049
5714082
3960996
4059301
2584742
6241649
864424
3027119
2601136
3289267
3420340
241845
3371193
4272315
1716415
3453123
2242668
1896645
5796040
5660023
2814157
2076884
1012985
5796061
962786
4026604
2601197
4288750
946417
798962
6041846
4698360
749817
4976895
2666762
4698381
1470734
2295853
602384
4518165
689455
1159452
5943586
4985563
2502951
1847594
2126125
618798
6189361
3993908
3388924
651584
799048
2683210
471380
2404693
2912599
2208088
5108065
913764
1093989
2044268
3076337
504174
3502447
4960624
5255540
45429
1749366
176504
6233492
4714881
49403
3060102
5271954
6105156
5304742
291243
749997
3076528
946609
5771956
2240957
733630
2060738
4616647
4633032
3715532
766421
6009304
3480996
3961309
4223454
1115649
963047
6009320
6238698
4600301
3912178
5124601
2816087
4534779
4108796
1585666
5304838
6124040
2503179
2175501
32173
5190160
193042
274965
2322967
3027482
487964
4731421
2388514
913957
6353447
5173800
477276
2470443
438829
2601518
586291
3633721
1006450
4321855
2978369
3338825
12875
1962574
3699280
3551827
5206613
3732055
6304345
2912858
2519644
2683486
569956
2110056
1127023
389744
5976690
2978420
1258101
45689
4633215
2650754
2650755
1258123
5681809
258710
2554221
1536666
2978459
1634972
4305565
2421407
4977313
5255844
4666028
1520302
2749105
5665465
4190906
3175099
5575016
3677643
3044037
2306758
3953441
766664
5520845
193234
5747411
2962134
3453660
1716960
1569505
2044643
3109604
2945766
209643
946924
2732781
3633902
2093807
4567792
1348392
4027124
3224309
3240697
2732794
2768341
2831106
1209091
3765000
2470670
3961620
586519
3289880
5976861
5745781
3606075
6140712
5976874
5616437
5534518
1962811
4584274
1700670
4682549
1700672
6036960
4305733
2421577
125917
3126098
3289945
5534557
6222695
1962866
2978675
4174709
2978680
2126714
4502395
5206908
4731775
5059456
5796741
3257222
4256653
3584913
5567380
1602454
78743
2945944
1777345
3093411
6009768
2517148
4551596
6255534
1389493
1143735
3584956
2798530
3661302
2208713
373706
2208715
783310
3797969
996307
2421716
728569
3814366
5862369
570340
2126674
4682742
1422331
3437569
2864130
4142086
1094663
4912137
422927
4169220
3470362
3634203
889690
816158
974341
2847777
6108196
780466
5993519
2910387
816182
5403703
881726
4338764
2749521
2864221
1602659
5698660
5944423
5862247
1930348
1340525
6097085
3634294
5387385
1275003
455806
5846143
1045633
5690219
1927929
2618512
2700437
472216
1864857
521373
4191391
4142243
111781
6091950
1875485
980149
3126457
3470523
2241724
4551869
5256386
5354693
636107
505037
6304975
2759918
4027602
324821
332665
3929304
4838266
111844
3486949
3323119
1455345
980211
865529
2872191
1406206
3502976
2815235
4650245
1422598
5649674
1220141
3011867
767260
472349
6092067
3814692
2405254
2337108
4093228
6146269
1897781
2716983
1324346
357695
2667840
5597408
144707
5403972
2831685
6151735
5403533
4699490
4797795
6141284
1881445
3126633
5649774
1848687
3126640
636292
2574572
2380695
341388
4273549
5502352
2635153
1127827
5092756
2798998
3880350
2241951
5387680
767394
5387683
6272422
1062311
1258920
3028395
4224428
800174
3761583
2389431
1357240
6370747
5404093
2975989
1390016
2127297
3713029
5944804
4914769
6157801
1045998
2209267
423413
4273065
1465940
4093436
13822
76032
1537539
5944842
2471435
1439247
5256722
1635246
259607
665860
5081349
3028518
865838
4650543
5895728
4958473
1832507
1750588
1947202
1111619
3651140
4019126
2405958
3225159
2913871
2324056
428303
3847773
5502560
4098320
4044393
3356266
3389036
5584493
4470387
423541
1963638
4126331
2373244
4798080
613995
3536519
1308298
2127508
1226390
5355159
3765912
3651225
1341083
374428
6026914
1046183
849577
3913386
3880622
6305460
227002
5224130
5912259
538310
2209479
4110025
6207178
7799
5715660
3836194
1373903
308944
5027538
5663011
6289112
2773967
3405533
3552990
3405536
4175585
4765412
5735993
407274
1692626
1046256
4486897
1341176
185300
1226490
3340030
1341189
2520841
4978442
5764876
3995407
1523331
6054059
3012380
5535521
194338
6092579
1685284
5371685
489255
5338926
374580
1341238
653111
309048
1931067
4994878
2324294
735052
177997
2029390
5257039
2698836
4912977
1734484
2342542
4470615
1997613
5109597
3798879
554851
392849
2193259
3929967
1914737
2626537
472952
6174586
1259392
2602882
4781957
6277441
6340501
3798921
2357132
4405133
4814736
2750353
4723694
1488791
3372954
440221
4618142
2783135
718752
4683683
341924
5158825
4110251
4487084
5961653
3192761
6109119
5306305
3553220
4257740
3340245
6043606
5945310
1504251
473079
1374201
2029563
3049813
5912577
3438597
473094
1947655
2521097
4294620
1685517
5863441
2390036
1669143
1177627
1255770
5223430
88860
358440
47145
5568554
3110955
702509
1357871
5093426
587830
981049
5797946
3271007
2390081
1341506
4929605
5814344
4175946
6076491
4421708
1996879
882113
1423447
1636440
4667484
1685609
2062442
4978796
5847154
1121982
633193
3045499
2193536
6092929
5175429
4814983
1407113
4372618
3717260
6060177
5257366
2963612
5961886
1932997
3684512
540127
3913894
4356265
1439920
1079473
2640243
2331678
3209398
3628745
6355128
604353
1046725
178374
1161415
5355721
1210571
5454028
3356880
4995283
3045590
3635415
1784026
1226975
4660944
145635
1505509
4225254
4176105
604394
2504941
6076658
1407219
1390843
5093640
1243412
2308375
686361
2750746
4733213
4557189
2259235
5388583
784685
5054175
2799936
5912899
4307269
899398
5667151
3963216
1784145
4115140
3504469
2062678
4130416
2668891
391517
3979614
1866086
31079
3619176
3733869
1337747
784759
4471160
1636729
1653124
5896581
4635014
1325450
2668949
2161050
2378138
4864414
6257361
2521511
4340137
4946348
2783665
1014194
276916
358837
5913015
1882553
1554877
6240713
2292170
1227211
5159372
2898383
6355409
6044114
5126612
3331150
2701782
6060508
96733
256421
5274081
2192028
5122471
2275820
3226095
1587702
5709567
293373
6122825
3722339
5306887
5159432
4086777
5257749
5585432
5765659
5241376
1407524
5978664
4192811
3521068
1096248
3242557
3271093
3881538
5896774
129608
178765
4667983
4110928
3798115
4291156
3471959
1260122
2767451
2964060
2607546
1145438
1948258
2570853
1817194
4888876
1063547
4913789
4547783
1211009
3160708
1374857
3537547
4045453
1209453
5381912
3586706
4848278
1833624
1833625
719521
3570340
3488421
2439862
1211063
3701433
654011
6240956
1800896
2255321
4127429
1604296
2276048
5389009
2505427
1309398
4240505
5618392
4291290
5585628
850653
2226913
5585635
1030885
3275497
4963050
2095858
3044478
6224630
4094716
3013378
5815048
31497
6044428
4143888
1080082
5438228
6355733
3685143
2931486
5667617
621357
3980074
5756039
3714938
4455214
5351901
1211184
4055144
1817407
785573
4685622
3409741
3488586
5955383
5602124
1030989
523087
2751319
4930393
310107
5143389
4979554
3947363
932712
5225327
4979569
1244021
4868585
4389753
64380
2210689
2849669
1522566
5258119
1588107
4193164
2898830
2128783
4897680
2167960
1407890
1489811
5798804
5782422
1885435
1375132
2063261
3357601
5979042
3095459
6021364
6126503
1080232
2358185
5372847
1932209
3767218
2528414
4945055
5520316
5225408
4111308
2571213
654289
1194962
4915022
2820601
4373466
6323165
228318
5913569
1539042
1342439
2849770
1588203
2178032
5110770
883699
2276340
4111349
2210812
1178621
2154325
3914756
1220438
1129483
2331832
2718739
2651311
5209946
1702946
3787271
5864500
1457206
5225536
2997313
212040
2765983
4947021
801873
4488276
4406357
5078103
1408088
4373594
48221
2647596
982118
3505257
5028971
3488878
4781245
4144243
3800180
1375349
5799030
1817720
5799039
2620545
3210371
1163116
1014922
3123735
2662253
1490064
2206232
2512067
3969502
474267
5127325
5553312
2489505
1195173
5176487
4177064
2948267
4876829
1195187
261301
2210998
4455608
2731616
6290618
4881595
3521736
2620619
1031374
6225115
752860
3275999
5010641
2227432
4127984
3849458
3521779
2997495
4521210
2702593
2328446
3816713
4881674
6339852
4928728
2865502
48404
2161943
277785
4422942
6225183
97568
2063649
3859943
3882283
2823389
5307696
5127473
2243892
6176057
4308285
4209982
4013376
1446815
5733705
1391950
3784016
2696705
1768795
4521308
6077789
3339493
5651809
2063714
6274403
3210598
2276712
5700970
6290798
926893
3790884
3587446
6028666
5684603
4521343
2178437
2375050
1490316
4586897
5930389
4149547
4275615
3210663
3374508
277933
359859
982456
2563999
682570
2522559
2145729
4079042
623016
176744
5914058
2727842
1932752
490961
2686421
4764921
2621967
4259295
5619177
245226
1867687
48621
5733870
4947447
3304020
4799996
32258
6159878
2438401
2727852
4476942
483245
5766673
1299715
6209048
3169171
5881381
6258214
3325492
5324342
835128
343609
6225471
2042464
1359426
3242642
4931141
6356550
4079181
1326671
949841
5406291
2309732
4882022
627985
2801256
5969559
1736304
278132
2439208
114298
6127229
310913
3205739
1466305
1277577
6204153
4357774
2932369
6266819
573076
3341975
6340253
4521632
1261225
3063469
6258350
3784368
6187635
1294004
5783221
4570807
1851077
2865297
2571977
278219
3473102
4882131
5403940
3161826
1556196
5553297
5095148
2637553
3579859
5324535
507644
491261
5816062
5750532
392967
3342295
2311324
4800271
3702545
2948884
4013845
114454
6307608
5862703
5521184
1064737
1457963
4390877
1933106
1818422
6258490
4439867
3102005
5308384
3915598
5095247
447903
4980565
5783382
3522392
3276633
737114
2850662
5209961
6143852
4636527
1261544
6084682
6274933
5013366
1602880
2211717
6264129
3637129
5308300
4358031
3506066
3637139
966548
5865365
5240132
5545665
488773
3276711
4358064
1572785
2449395
3216713
1621945
1261498
4997054
4333557
1916869
5111751
5046220
5717967
3915732
868311
786392
4614820
5780815
1907294
3145693
2752478
376800
4862620
737251
5488616
1772199
409583
5341169
2047992
6275067
